1.543236 10.730811
1.482590 8.186003
1.541613 9.149591
1.562878 9.951128
1.656298 9.602853
1.587290 10.672718
1.515999 10.344514
1.494183 11.336830
1.601522 11.731850
1.370549 10.564993
1.629570 12.302084
1.624554 10.408661
1.420814 13.132928
1.484507 10.435429
1.594207 10.199397
1.457748 12.118047
1.464921 10.383232
1.585181 11.805130
1.560040 7.012681
1.564680 10.606749
1.488559 12.060045
1.536998 10.381538
1.573920 10.934150
1.558404 10.541684
1.611569 10.171923
1.564289 10.494593
1.549752 11.204176
1.500142 10.850596
1.513522 10.347677
1.474502 10.948226
1.434615 11.006744
1.648782 12.778599
1.367135 12.154273
1.402620 10.138203
1.579446 10.289921
1.705650 10.248281
1.437758 11.023241
1.697823 11.007008
1.453953 9.258894
1.458661 9.346101
1.404344 12.827723
1.367517 12.327887
1.498296 10.398233
1.501748 12.062776
1.609830 11.885019
1.594685 11.336040
1.507939 9.456435
1.456634 12.770181
1.768017 11.129272
1.607659 10.857635
1.519440 7.880672
1.428898 13.636524
1.383619 12.843696
1.485994 11.231996
1.481112 10.546709
1.553072 12.082862
1.374863 11.064782
1.643708 8.325477
1.639382 10.337692
1.517337 10.239909
1.545567 7.030891
1.376230 12.583887
1.493499 10.031880
1.542167 9.968108
1.721826 8.745329
1.603851 9.625580
1.552574 10.744234
1.481244 10.708530
1.605588 10.061560
1.568447 11.210007
1.536718 10.377613
1.484932 12.374023
1.476431 11.049223
1.371492 11.400355
1.510881 13.252755
1.575505 12.309211
1.438526 10.116656
1.518960 10.987277
1.627119 10.313132
1.535339 9.317416
1.673480 8.719463
1.492057 10.964115
1.491627 10.919702
1.706046 7.651746
1.700207 9.747415
1.681770 10.503154
1.507067 12.133852
1.515316 10.212670
1.558771 12.973520
1.424908 10.421186
1.503628 11.167467
1.435284 10.718263
1.565675 11.498516
1.603067 10.355249
1.477866 9.571672
1.527670 10.838059
1.457526 10.361374
1.378895 10.440486
1.416054 12.250362
1.475226 12.058958
1.450164 10.200987
1.532001 13.096783
1.390416 12.572038
1.425311 9.317313
1.496965 11.799875
1.468357 11.187996
1.437012 11.792879
1.466842 12.608582
1.370200 10.721180
1.380615 12.849610
1.434233 10.685153
1.398061 11.348920
1.433259 11.501833
1.567959 9.750712
1.461658 10.574562
1.404187 11.870649
1.595837 8.434408
1.405429 11.144878
1.531730 11.832375
1.508617 11.756437
1.504298 11.791725
1.604217 9.877561
1.532295 10.952277
1.588698 10.127506
1.453785 10.538639
1.482319 12.191513
1.451242 10.455640
1.610344 9.958336
1.474515 11.084650
1.709394 10.408049
1.532935 9.251334
1.393499 11.629036
1.500815 11.391049
1.636415 10.895475
1.484401 10.436098
1.488516 10.312929
1.459166 12.513855
1.546209 9.149232
1.519520 9.868098
1.461984 8.967419
1.435171 10.177119
1.419160 11.266182
1.622437 8.597738
1.699088 9.708216
1.576169 10.931878
1.389220 12.384844
1.610093 10.307552
1.587483 12.087701
1.577856 9.760641
1.365794 12.538602
1.536997 12.593888
1.553395 12.009198
1.624595 12.689194
1.525103 11.563275
1.538673 10.970350
1.650522 9.972659
1.642856 11.099355
1.497378 13.053903
1.585680 8.959245
1.608568 11.619465
1.615995 10.857878
1.504567 10.905743
1.377405 13.286831
1.662349 8.888096
1.563642 9.235686
1.670035 10.650208
1.672286 10.292267
1.382340 11.260585
1.500074 13.745233
1.469172 11.403351
1.551128 11.658096
1.390460 11.809341
1.470089 11.040753
1.386267 11.294657
1.597171 9.083494
1.469180 10.031828
1.383813 10.614405
1.468392 10.484914
1.448827 10.925796
1.478347 10.560197
1.461132 10.562059
1.404970 12.121111
1.522499 9.671523
1.429747 12.919874
1.370035 10.734873
1.430638 9.929409
1.679891 10.577046
1.511431 12.648606
1.499559 9.898090
1.629221 9.245390
1.626059 10.814267
1.424287 9.820942
1.378907 10.783305
1.403442 12.570997
1.464038 11.978807
1.493051 10.361722
1.443748 11.622899
1.537678 10.066475
1.554343 8.875373
1.391763 12.419801
1.453342 10.916903
1.460375 10.929335
1.512008 10.350382
1.566360 10.210645
1.535982 11.910320
1.517447 10.199684
1.535458 10.422292
1.540336 10.971408
1.539522 11.066019
1.431342 12.511339
1.440447 12.941317
1.566894 10.492730
1.466078 11.056591
1.455882 10.255319
1.610894 9.795528
1.541551 11.094039
1.368439 9.783043
1.487584 10.328826
1.500147 8.983299
1.554783 9.582951
1.577766 9.296361
1.543602 11.239408
1.443361 11.099237
1.474970 10.444194
1.550320 10.101780
1.467322 10.129251
1.621081 11.009145
1.505727 10.670649
1.520792 11.110698
1.413100 10.405046
1.491197 12.372239
1.434554 10.647082
1.487036 10.977817
1.530468 10.471248
1.493989 10.296040
1.392052 11.370581
1.398706 9.544841
1.640278 10.162154
1.468069 11.434237
1.541218 10.441968
1.443033 10.219438
1.516700 10.267532
1.444209 10.062859
1.552653 10.614091
1.712477 10.116302
1.645450 10.234477
1.396688 10.957687
1.598584 11.408566
1.575597 10.130762
1.460807 11.530134
1.408126 11.055070
1.627548 9.859038
1.515027 10.558078
1.438956 12.325057
1.424823 11.000310
1.461113 12.524094
1.508224 12.483902
1.477228 10.756633
1.503352 10.770584
1.387979 10.881185
1.537699 11.179136
1.370690 10.955828
1.526849 11.774246
1.515591 10.279246
1.452842 9.993030
1.668423 10.444183
1.460780 13.441083
1.613259 10.166947
1.526703 10.199131
1.383479 12.744000
1.379922 12.373791
1.443148 11.012888
1.508390 11.533129
1.432805 10.875500
1.435144 11.399422
1.628579 10.260256
1.627647 10.983100
1.494709 9.225322
1.502659 9.720234
1.407746 12.212616
1.369175 10.457333
1.576303 11.482291
1.407820 13.381451
1.532035 11.142746
1.601676 9.950543
1.489977 12.884289
1.489204 10.781220
1.509343 11.140969
1.425150 10.485685
1.596228 10.783427
1.476181 13.050575
1.404200 13.173565
1.454935 11.185893
1.448826 11.230959
1.475209 10.454859
1.562652 10.224413
1.596454 10.431464
1.640568 9.707008
1.449024 11.167905
1.503993 10.627181
1.515867 10.690946
1.506446 11.259969
1.444222 10.333505
1.455800 10.609760
1.463929 10.354291
1.503342 10.900448
1.562853 10.636605
1.488331 10.588539
1.539251 9.606401
1.397532 10.365787
1.411378 9.649494
1.552007 11.385937
1.643509 8.154312
1.533059 9.683838
1.507318 10.369921
1.514325 12.134629
1.446222 9.759315
1.466115 10.915393
1.460796 10.131482
1.571499 10.453313
1.608082 10.003081
1.659623 10.145119
1.398559 12.439847
1.426299 12.618755
1.580963 10.572254
1.407723 11.424810
1.566543 9.906191
1.604174 12.660954
1.560270 11.188888
1.566038 10.477697
1.532091 11.339400
1.567195 12.672550
1.674506 9.540709
1.505030 10.601590
1.432371 10.097738
1.490768 8.948652
1.538999 11.026014
1.548024 12.513554
1.521556 10.527524
1.535938 10.086192
1.569129 11.628223
1.551034 9.217743
1.372384 12.852468
1.444120 11.367091
1.556734 9.609770
1.548402 11.221807
1.370052 13.133372
1.458699 10.337216
1.447699 12.332356
1.594284 10.018131
1.448049 10.136593
1.411984 11.537806
1.424648 11.819331
1.376605 12.419785
1.658504 9.119560
1.427595 10.230339
1.390013 10.788120
1.449696 10.810184
1.532630 11.160648
1.393621 11.496231
1.375133 10.013750
1.523854 10.365583
1.428012 10.771626
1.504116 10.191590
1.399981 12.027438
1.429432 11.936465
1.457380 12.104253
1.597404 10.962196
1.524726 9.890533
1.567108 9.360167
1.584326 10.097877
1.569778 10.765924
1.591222 10.927759
1.615537 10.799183
1.644820 10.542581
1.514812 10.532059
1.542721 12.428686
1.428585 9.544751
1.466337 12.612618
1.666522 10.096208
1.481375 9.981873
1.429815 8.852564
1.420301 10.842344
1.478906 11.037459
1.434163 12.522425
1.365751 10.572846
1.421302 10.992770
1.417061 10.599187
1.483511 12.951564
1.369796 11.334350
1.406457 10.429689
1.481013 10.760460
1.487531 12.909200
1.582493 9.577032
1.529630 10.197668
1.386239 12.848929
1.443759 10.847171
1.560303 9.584025
1.412370 12.542233
1.450385 11.171489
1.405504 11.116264
1.460832 11.709257
1.644030 10.702422
1.429149 10.303600
1.487337 8.632325
1.605069 11.346651
1.611377 11.252835
1.570677 11.575119
1.445684 11.881068
1.518666 10.200615
1.585968 8.694982
1.433063 10.473329
1.373960 9.371785
1.437423 11.353744
1.454066 10.126385
1.493119 11.046162
1.434855 11.273737
1.508107 12.615612
1.551328 9.382099
1.592886 10.519097
1.450334 10.982477
1.607659 11.449406
1.554479 11.035638
1.557276 10.292808
1.659202 10.482455
1.584784 10.362249
1.606498 9.425032
1.558846 8.173863
1.648189 10.951665
1.488120 9.714447
1.486548 10.961497
1.567372 11.236074
1.644314 10.850860
1.582878 10.136738
1.573590 10.164207
1.486949 9.852122
1.495048 12.799597
1.543441 11.265717
1.665599 9.426322
1.404890 11.086590
1.662026 8.217487
1.635651 10.991686
1.415500 9.263081
1.406065 11.014108
1.501265 11.427926
1.707403 11.397732
1.527351 11.106215
1.607879 10.509634
1.484538 12.021997
1.448932 10.563438
1.566614 12.224969
1.562135 11.103467
1.488209 10.826591
1.629911 10.952120
1.703581 10.523186
1.691617 8.224039
1.525448 10.171005
1.519347 11.195271
1.458859 10.474875
1.538316 11.126985
1.371530 11.397296
1.516454 10.414609
1.544405 10.889396
1.371674 12.043964
1.500361 10.692143
1.366662 10.489630
1.376487 10.795076
1.519354 10.058508
1.475063 11.155171
1.762335 10.017108
1.639102 8.777179
1.413654 10.519413
1.391093 10.497950
1.442018 10.854912
1.622595 10.941180
1.433754 10.712720
1.501072 9.983581
1.373912 12.575683
1.437760 10.683891
1.487957 11.692814
1.518434 11.003556
1.369366 10.499783
1.763089 8.147775
1.443011 9.384341
1.542574 10.339234
1.475633 11.268009
1.494344 11.450546
1.688178 9.004784
1.549115 11.600620
1.604671 11.100852
1.590317 11.387988
1.374556 12.689722
1.570243 8.926996
1.524147 11.065253
1.406868 13.626315
1.486775 12.578599
1.511449 10.894290
1.477649 12.415130
1.699707 9.756158
1.442004 9.966059
1.446001 12.639042
1.376506 9.623069
1.485542 12.368465
1.374279 10.789696
1.422988 11.002984
1.644144 11.056113
1.516204 12.041650
1.428599 10.788667
1.556224 10.898148
1.493485 6.860431
1.386605 9.628992
1.482040 10.409992
1.462181 10.729909
1.496222 9.212796
1.673973 9.538277
1.566457 10.824525
1.553496 10.487181
1.422286 12.583783
1.497214 9.261890
1.556841 11.120484
1.528306 11.824949
1.493794 11.467463
1.491868 10.080962
1.407537 11.399151
1.412089 11.137500
1.528267 12.098158
1.394359 9.672944
1.436550 10.865685
1.608585 10.763874
1.389138 11.080750
1.371084 10.319637
1.449004 11.050758
1.558244 11.278473
1.363531 11.237737
1.406044 10.804237
1.567549 11.444657
1.586504 9.942981
1.417275 10.507048
1.393757 10.580372
1.553859 10.123532
1.599288 9.121122
1.483394 11.973044
1.572777 10.930885
1.519312 11.710314
1.446452 10.966107
1.548128 10.300450
1.580504 10.594726
1.408181 10.350199
1.536792 9.160939
1.510603 9.565326
1.579873 10.831243
1.468487 11.927161
1.494180 10.726771
1.448854 11.056518
1.486018 12.621537
1.430435 12.587393
1.459616 12.235806
1.562788 9.755062
1.530756 10.959174
1.587118 11.005069
1.572727 10.377798
1.666315 8.193167
1.455405 10.464267
1.502032 11.594145
1.519802 9.783390
1.631097 6.200531
1.557224 10.546722
1.392440 10.277184
1.439448 12.371834
1.473258 10.594877
1.440944 11.231917
1.598371 8.717992
1.446968 13.062184
1.521011 11.323385
1.557004 11.298287
1.551910 12.003873
1.467844 9.046839
1.589668 10.401406
1.413116 11.502984
1.605135 9.318392
1.458557 11.169998
1.396098 10.656449
1.574065 10.971353
1.506823 10.905534
1.589408 10.384154
1.464749 11.193304
1.363838 10.484269
1.515255 10.634342
1.577417 11.145473
1.609279 8.718239
1.478097 10.357237
1.618899 10.582880
1.476766 10.854145
1.383326 13.240402
1.469558 12.212362
1.442559 10.141852
1.614722 12.083799
1.485132 11.632216
1.562825 8.305256
1.610378 8.296734
1.406843 12.790206
1.448398 9.803869
1.551433 12.785560
1.530726 9.557580
1.676760 10.378977
1.523499 7.965631
1.661028 9.347481
1.421745 9.940946
1.539985 10.167743
1.400277 10.540501
1.442260 11.188095
1.363628 10.457902
1.547908 10.221082
1.470221 11.847139
1.423530 10.873754
1.435969 11.179546
1.414705 9.764000
1.662245 9.340301
1.518289 10.476837
1.434886 10.452295
1.550366 10.443643
1.425428 9.512398
1.367921 10.559586
1.632915 10.821091
1.444026 12.134292
1.488159 10.171375
1.409530 11.762726
1.400855 11.340187
1.484099 10.075966
1.524438 10.633669
1.525541 10.211112
1.556289 10.412074
1.573558 11.425888
1.527163 10.746881
1.525659 12.686698
1.513957 11.241103
1.554115 10.066650
1.599936 10.183345
1.625613 10.595790
1.582838 11.136543
1.490917 10.142318
1.497841 6.970325
1.585091 10.098806
1.589648 11.013413
1.646287 11.108272
1.663188 10.142164
1.493764 10.839982
1.655127 9.670011
1.633197 9.572712
1.493646 10.900291
1.567378 9.782632
1.463821 10.775475
1.504464 10.163045
1.551427 10.716362
1.443072 11.168737
1.536425 12.402974
1.601364 11.396515
1.370393 11.377392
1.485855 10.463552
1.638067 11.385604
1.636723 10.808164
1.536463 10.251884
1.555665 11.174510
1.473791 13.046279
1.539733 13.182052
1.598843 10.182839
1.401046 11.406648
1.588532 10.488667
1.381442 12.992691
1.533569 10.515555
1.550215 9.875881
1.597774 10.773788
1.607173 11.194845
1.475783 9.112581
1.579955 10.495177
1.454187 12.322918
1.698719 10.680115
1.427313 12.091774
1.594066 11.063604
1.598363 9.882097
1.569766 10.772870
1.517532 12.012787
1.424240 10.270629
1.421335 9.821595
1.439471 10.987549
1.437766 11.121459
1.508399 12.155349
1.460459 11.608811
1.458698 9.593830
1.544182 9.600642
1.525907 10.242676
1.569400 10.483473
1.376888 10.109213
1.371382 12.882457
1.562531 10.477115
1.575584 9.763334
1.546054 10.927316
1.552707 12.165889
1.495864 10.129181
1.410760 12.383817
1.567450 12.618681
1.581666 10.663092
1.614731 11.923832
1.461703 10.854494
1.447756 12.828233
1.525073 9.542707
1.582544 12.742394
1.376579 10.519403
1.424351 9.913890
1.369123 10.099295
1.514556 12.682082
1.573197 10.064202
1.539738 11.127310
1.540535 9.617978
1.580079 11.886357
1.560104 11.085620
1.379107 10.319128
1.460799 11.318483
1.548418 9.332434
1.452888 9.646915
1.557057 10.373512
1.485017 10.813947
1.485018 12.475320
1.480502 9.657712
1.368943 11.329715
1.498252 10.052256
1.613596 10.611909
1.556758 12.566422
1.612625 8.201363
1.612724 10.920845
1.447713 11.760989
1.382135 10.894831
1.616494 11.057925
1.613887 10.358891
1.376713 12.091034
1.519518 12.276939
1.381143 11.265526
1.392286 12.674989
1.435080 13.334143
1.464136 9.265096
1.445448 12.274311
1.523481 12.415842
1.410426 10.810816
1.484011 10.311108
1.524642 10.589751
1.567056 11.301428
1.469662 11.395629
1.453125 10.884198
1.600770 9.187236
1.556949 11.109904
1.466805 11.307235
1.426939 10.412098
1.552018 7.036524
1.484441 12.402446
1.602556 11.331354
1.400078 11.063965
1.718705 9.309593
1.701027 10.391456
1.652332 10.783681
1.422904 12.450736
1.372301 11.132430
1.474701 12.979560
1.453512 10.471533
1.454691 8.604211
1.625609 9.183102
1.494342 11.105613
1.500123 12.234632
1.433028 12.809872
1.478178 10.799107
1.525952 11.560083
1.610690 10.190769
1.576045 11.545829
1.390331 10.780759
1.438464 10.643884
1.535040 11.564008
1.589521 8.006610
1.538959 9.148290
1.485136 9.622010
1.590072 9.734734
1.373148 10.420478
1.507076 10.181000
1.489916 12.107832
1.396553 12.516742
1.554489 10.661515
1.473599 11.020500
1.449138 9.554394
1.500533 9.026582
1.645809 10.590142
1.440969 12.456812
1.597472 11.284156
1.518997 7.129322
1.462478 9.341723
1.613738 10.470671
1.452847 13.394814
1.497141 10.820036
1.589147 10.239906
1.453604 10.632860
1.707176 9.054667
1.463552 12.538893
1.593223 10.919189
1.407459 12.436657
1.405549 10.524543
1.546213 9.746264
1.548913 10.368048
1.490735 12.513523
1.476438 11.231078
1.518411 9.964154
1.476107 12.430826
1.403832 11.249656
1.476085 12.116092
1.448002 11.897374
1.600730 13.465135
1.565916 10.678072
1.600274 12.120602
1.576850 11.743243
1.428881 10.248173
1.469452 12.190888
1.508895 11.890370
1.400475 9.495203
1.585760 9.195006
1.558659 12.634930
1.550189 11.738435
1.435459 10.344643
1.527317 12.445783
1.545220 10.038718
1.537773 10.263358
1.461689 9.984149
1.695137 11.236230
1.442532 11.266698
1.382633 10.701400
1.397464 11.155530
1.419189 12.120859
1.394259 10.875794
1.493230 10.156615
1.367599 10.200849
1.456862 10.525202
1.606922 10.704028
1.389867 10.278067
1.645346 12.575654
1.544184 9.172916
1.445119 10.618679
1.504368 12.231390
1.394082 11.038470
1.500824 11.000329
1.376481 13.616740
1.490214 10.035429
1.492871 10.017826
1.553271 9.807222
1.505946 11.290601
1.527664 9.646779
1.566794 11.553130
1.489856 10.156541
1.505465 9.875005
1.579711 10.894983
1.546546 10.183913
1.602116 11.861744
1.398383 11.880201
1.399692 11.168884
1.380525 10.509890
1.436855 12.253932
1.552374 10.587511
1.496566 11.107545
1.548697 11.380775
1.606805 9.847508
1.486120 12.414896
1.400532 10.587502
1.382260 9.326848
1.502181 11.117039
1.451006 11.122546
1.555743 12.864829
1.685113 5.709040
1.722341 9.862774
1.461553 11.396943
1.377123 11.655965
1.387578 10.956620
1.504392 12.022775
1.429331 11.471120
1.524192 11.181156
1.572683 10.350588
1.412957 10.134962
1.399963 10.852666
1.514250 10.051629
1.469245 12.734816
1.419478 12.784464
1.411757 11.100450
1.522177 9.810059
1.578410 11.279986
1.580348 12.456122
1.391641 11.904181
1.411557 10.672585
1.392334 11.500693
1.535259 11.121877
1.453868 8.793659
1.579325 12.726306
1.461844 12.549601
1.420784 10.504835
1.419700 12.092803
1.435025 11.929426
1.612362 9.981348
1.516495 12.849939
1.476148 12.587370
1.372690 11.811924
1.432298 9.971576
1.462697 9.507596
1.387377 13.250372
1.416469 10.541357
1.390299 10.406073
1.558142 9.699676
1.637280 9.188121
1.676766 8.925193
1.495651 9.571410
1.649799 9.792180
1.561600 11.713165
1.544326 12.025332
1.398854 9.393243
1.438863 9.726115
1.372563 12.917361
1.504570 12.718865
1.547598 11.023422
1.540689 10.034734
1.619903 10.796124
1.590401 11.173170
1.539207 11.323769
1.548913 8.956716
1.668094 9.769746
1.530543 11.772835
1.661477 9.965127
1.400979 10.740185
1.507388 12.246265
1.551831 10.544479
1.648981 10.598110
1.472277 10.887298
1.519751 11.346174
1.384494 10.017496
1.641320 9.764187
1.500623 11.189194
1.486987 10.247275
1.545392 10.509981
1.618845 10.506719
1.438456 13.782524
1.446066 10.532219
1.462292 10.794565
1.636384 10.789010
1.417547 10.855007
1.429008 10.361790
1.405310 10.977642
1.421959 10.873156
1.475988 10.459673
1.426449 11.518072
1.514087 9.690533
1.644908 9.098763
1.556012 11.164438
1.473081 10.196046
1.498439 11.549969
1.496891 11.898349
1.457961 12.576609
1.569047 12.790016
1.453662 9.646623
1.440718 11.407423
1.492872 12.655236
1.495981 11.071404
1.490975 9.624662
1.471087 11.797316
1.478423 8.989367
1.493946 10.750416
1.446239 11.237669
1.601073 10.606494
1.446942 10.421358
1.540350 9.493862
1.453849 10.875164
1.380829 9.949396
1.419288 10.430777
1.393966 11.433541
1.475873 9.735396
1.419718 10.458149
1.437865 11.589675
1.415623 10.572138
1.602737 10.010928
1.547211 10.296230
1.526886 8.902970
1.477693 11.178648
1.549979 12.358031
1.424318 11.312428
1.480044 10.172141
1.730363 11.343028
1.587640 9.636909
1.668775 10.717379
1.503928 12.403725
1.627688 7.745852
1.556259 12.238834
1.434050 12.937403
1.462501 12.823460
1.594267 11.103242
1.633959 10.823642
1.402937 12.082068
1.367287 12.183734
1.413278 10.779021
1.442505 11.057667
1.460139 10.644879
1.474156 11.001364
1.480355 10.209753
1.428284 10.972055
1.648493 11.303227
1.515316 8.708171
1.444243 10.545570
1.371251 11.520398
1.520338 11.908323
1.394921 10.353136
1.608654 9.529129
1.424281 12.030640
1.529727 11.861997
1.472092 9.269926
1.437438 10.583660
1.588171 12.592921
1.398802 11.324486
1.418692 12.635963
1.430695 10.493709
1.415039 13.079618
1.540843 8.944334
1.404908 10.445571
1.459865 10.825984
1.398230 12.354192
1.636413 10.373421
1.410233 11.007348
1.372468 10.854700
1.393745 11.774383
1.616015 9.692907
1.707170 9.864302
1.544098 9.816803
1.446237 12.510682
1.397292 9.292573
1.502361 11.360038
1.451333 10.415391
1.468527 11.767852
1.448944 12.292056
1.617646 9.773039
1.522795 10.065456
1.619067 10.008350
1.536042 10.595106
1.581195 10.677759
1.487153 9.883863
1.513239 9.775685
1.405891 10.893517
1.487105 10.949133
1.383209 10.641292
1.398535 10.243411
1.603321 8.602334
1.676816 10.035299
1.521069 10.701870
1.705756 9.619586
1.430212 10.660586
1.395811 12.636555
1.568018 9.279211
1.460727 10.815158
1.551600 13.004176
1.404463 9.646508
1.576522 11.447481
1.404799 11.062646
1.497650 10.390774
1.479659 11.866355
1.624478 10.703316
1.409073 12.222492
1.444904 11.622758
1.483709 9.137233
1.533804 10.723086
1.493075 10.556638
1.553863 12.257912
1.381707 13.286401
1.532730 10.169463
1.582998 9.419369
1.503023 11.270585
1.424482 12.728815
1.513527 12.345519
1.670127 9.399692
1.487143 11.114548
1.639073 8.428279
1.610157 10.182978
1.510257 10.292693
1.403155 10.250308
1.382832 12.139424
1.400916 12.484423
1.411259 13.351240
1.478166 8.686504
1.568676 11.113397
1.468673 9.720139
1.487646 10.885085
1.615104 11.496013
1.567774 9.975980
1.428678 11.875881
1.597938 9.987003
1.412492 11.158049
1.549758 10.487309
1.613628 10.132945
1.642192 10.676088
1.499392 10.186003
1.474991 12.461897
1.508400 10.130205
1.418090 11.821547
1.566625 11.130581
1.571805 10.124378
1.564096 10.510123
1.409067 10.456806
1.388587 12.132222
1.578308 10.506884
1.544008 9.309290
1.445618 12.109494
1.565462 8.422390
1.636565 9.539534
1.466311 12.695038
1.601953 9.500965
1.388154 10.705018
1.575675 9.115859
1.410632 10.749298
1.496833 11.143189
1.469312 11.350508
1.531098 11.523453
1.572822 10.087121
1.367619 9.990929
1.603328 12.102926
1.522797 12.804353
1.519748 8.958686
1.393263 10.382184
1.562831 9.499408
1.573006 9.548971
1.373199 12.606327
1.708159 10.952453
1.428222 12.219523
1.551050 10.660862
1.441405 12.308734
1.511362 12.604015
1.465094 11.956516
1.540241 12.420094
1.403924 10.700290
1.531659 12.417215
1.492108 11.003503
1.408913 10.447515
1.594155 10.704105
1.461894 11.306030
1.434100 10.764619
1.509679 10.189503
1.436844 12.498282
1.577722 9.402345
1.662574 10.769001
1.460817 10.220334
1.529156 12.295226
1.481499 10.238366
1.647871 12.875189
1.391644 10.667236
1.421355 12.646419
1.531304 10.490018
1.388451 11.419032
1.445618 11.989784
1.470494 11.089183
1.503895 11.498856
1.496815 10.087567
1.589878 9.695242
1.535378 9.711341
1.479469 12.537474
1.499569 8.779118
1.415458 10.627590
1.514423 9.935331
1.558013 9.697041
1.426494 10.889677
1.425377 11.955509
1.406330 10.682501
1.531718 13.385975
1.366396 11.176794
1.401175 11.541933
1.384981 10.599416
1.494247 10.996891
1.479368 8.811981
1.437559 12.778241
1.551204 11.933129
1.678716 11.880352
1.516039 12.364526
1.388721 11.199544
1.578284 11.158106
1.380615 10.821537
1.552579 10.331429
1.546396 10.727376
1.575741 9.286981
1.486675 9.686992
1.604611 12.420288
1.671840 10.040176
1.504539 8.391636
1.484145 10.664896
1.441492 12.250656
1.460645 12.405188
1.522186 11.598301
1.455321 10.868637
1.631852 11.627492
1.581685 9.999547
1.556442 10.069617
1.603382 10.356496
1.622607 10.237285
1.521432 10.700133
1.376378 9.888084
1.569443 11.575850
1.575433 11.167394
1.535106 12.866350
1.641342 10.598677
1.397829 10.830852
1.513604 10.873898
1.507780 10.238060
1.459151 10.971655
1.563170 10.770390
1.412125 11.445441
1.563951 9.106847
1.476141 12.199492
1.540330 10.436287
1.612024 11.197594
1.617948 10.917179
1.636989 10.552443
1.613514 11.382082
1.505148 10.090309
1.520525 7.335850
1.433638 11.447634
1.526899 11.962050
1.411218 11.287191
1.436907 10.230469
1.662717 12.501062
1.405475 13.122697
1.383814 11.124911
1.455110 10.815629
1.428639 10.572545
1.419928 11.435042
1.505740 11.325356
1.522151 11.481823
1.535916 9.581945
1.535546 11.565837
1.436921 13.035317
1.440898 12.420028
1.524029 10.614214
1.584522 9.869562
1.430673 10.840187
1.363550 9.968601
1.444517 12.091987
1.408542 13.148848
1.388281 12.013726
1.589935 10.603526
1.625297 7.474280
1.414263 13.190959
1.450132 12.706463
1.373070 11.014883
1.395332 10.534422
1.439157 11.571189
1.423849 10.540975
1.382974 12.935545
1.458869 12.298976
1.588715 11.181636
1.404216 11.099099
1.496304 9.496248
1.379407 7.734393
1.506556 11.197315
1.572465 12.088078
1.386831 12.031911
1.472416 10.283702
1.538565 9.685082
1.500940 11.348755
1.581118 7.971177
1.513560 10.531354
1.398912 10.832686
1.379225 10.413862
1.415316 9.832734
1.436276 10.779106
1.463687 10.537843
1.394903 10.111801
1.712616 12.320930
1.477579 10.697893
1.372661 10.387157
1.383165 10.578068
1.375105 10.935242
1.423715 10.048283
1.689879 11.562169
1.617429 12.344395
1.663138 13.467868
1.626347 9.206493
1.510658 10.512287
1.612491 11.970794
1.564020 10.602594
1.369233 10.944933
1.620705 10.094586
1.379955 12.173429
1.446678 10.016809
1.464501 10.471512
1.511180 12.555273
1.402330 12.907638
1.452248 10.315568
1.469897 10.527614
1.638687 9.597221
1.498423 10.872342
1.523522 10.604617
1.510349 10.584295
1.539169 10.871656
1.479381 10.385498
1.518717 11.127766
1.590482 10.282497
1.594771 10.910502
1.583928 9.394221
1.622461 9.109728
1.562874 10.772874
1.526072 10.693565
1.527349 10.174386
1.500621 8.086938
1.457590 10.344534
1.366144 10.842082
1.505689 10.600194
1.544908 10.845422
1.394104 9.617597
1.365339 11.889083
1.474657 12.067867
1.425245 10.719026
1.635232 10.155921
1.394423 11.849874
1.688874 10.283467
1.580342 10.950308
1.582005 10.056784
1.503922 11.174033
1.416063 10.607957
1.409009 9.498462
1.570783 10.412768
1.383681 10.858327
1.615508 10.335197
1.519576 11.661479
1.543585 10.865558
1.598933 10.660147
1.412048 9.837802
1.621312 9.704169
1.467795 12.473073
1.404544 11.429428
1.586567 10.081816
1.666473 10.390367
1.486613 10.522557
1.435387 12.361997
1.393096 11.604196
1.386852 12.986686
1.586025 10.636839
1.556322 8.770696
1.376559 10.758854
1.604094 12.415026
1.509057 13.425623
1.385302 10.875701
1.401316 11.435481
1.491483 10.511019
1.428772 11.539246
1.558563 9.619666
1.550770 10.685260
1.509552 9.899267
1.518922 11.205063
1.505998 12.045887
1.508981 11.180342
1.413944 10.648213
1.367807 10.716772
1.551293 11.771612
1.630915 9.205428
1.630169 7.095411
1.606260 11.062113
1.489744 10.738513
1.415511 12.296648
1.452498 12.151023
1.427762 10.380369
1.422910 10.753495
1.459409 10.002384
1.397521 10.805895
1.427347 10.097763
1.489216 10.649678
1.488445 11.245505
1.411394 12.941937
1.716027 12.000065
1.564437 10.789149
1.533750 9.840258
1.578871 10.582573
1.512550 11.710974
1.506809 12.979884
1.408931 11.352315
1.396115 12.947691
1.509629 12.735536
1.500520 9.416576
1.440448 11.474039
1.377205 10.800509
1.437536 10.284288
1.465884 10.752636
1.467522 11.098075
1.494053 11.425542
1.602100 7.317506
1.421463 11.047801
1.466104 10.895009
1.501615 10.263458
1.376212 13.704860
1.631972 11.120518
1.592395 11.825386
1.653094 11.452491
1.627553 11.005656
1.428824 11.107691
1.397215 11.947221
1.571341 10.225357
1.691902 9.298867
1.480677 11.418785
1.438417 12.249769
1.434889 11.692564
1.679173 9.024698
1.462528 9.161387
1.414464 12.179176
1.463680 11.073859
1.517187 9.920463
1.555099 13.144493
1.459498 11.934625
1.558070 10.778675
1.425418 9.728662
1.545099 11.185061
1.515056 10.644737
1.674491 10.625335
1.716287 10.564206
1.596153 10.771484
1.605724 7.175570
1.561227 9.171691
1.596822 10.917216
1.608619 11.318145
1.386733 12.702275
1.377151 10.159662
1.660876 9.143427
1.595549 10.292799
1.618494 10.119654
1.638674 11.385324
1.554371 10.127144
1.521049 11.667800
1.566731 10.088593
1.441738 12.227716
1.500991 11.963860
1.498507 10.485809
1.422836 12.251482
1.414994 10.634779
1.378817 10.631235
1.412382 12.375685
1.421345 9.845414
1.413545 12.344683
1.632884 10.413658
1.643634 9.835080
1.403532 11.371991
1.369745 10.811645
1.450107 11.340640
1.394813 10.477120
1.513096 10.898754
1.424676 10.984727
1.637561 9.503596
1.517064 12.563818
1.453555 12.246041
1.561354 10.028833
1.456996 12.762758
1.465354 10.189603
1.402297 10.081418
1.366430 11.174147
1.436909 13.609074
1.534207 11.123873
1.653842 12.282553
1.460355 11.734183
1.518805 10.870478
1.464348 12.523347
1.471185 10.615626
1.491538 11.053655
1.478891 9.039907
1.540737 11.201329
1.557384 11.699834
1.491883 11.612612
1.409122 11.581360
1.432355 10.643270
1.381859 11.427281
1.371738 7.800284
1.563091 10.468853
1.464234 12.013835
1.585294 9.074174
1.432358 11.491653
1.485144 11.074637
1.462773 10.365249
1.505465 10.717498
1.470750 12.307063
1.621823 11.583098
1.391938 12.798112
1.658758 10.037605
1.408132 12.607191
1.532372 12.094637
1.494372 10.318067
1.513281 10.042222
1.561306 10.785990
1.604493 8.804378
1.426937 10.524642
1.547875 10.230644
1.630851 10.272432
1.597116 10.165371
1.443554 12.148144
1.538952 10.408913
1.445118 9.224663
1.541026 10.225894
1.489441 10.820383
1.594989 11.415641
1.433516 13.319261
1.590693 11.485015
1.529278 11.044024
1.548259 12.347483
1.576036 9.674334
1.372202 11.608794
1.462494 10.707672
1.461599 12.279551
1.535109 11.962355
1.641732 10.561763
1.588963 9.830407
1.557542 10.569832
1.468301 10.340190
1.365565 9.680163
1.451824 10.281155
1.654820 8.881649
1.457345 11.252264
1.387029 9.793188
1.504988 11.010324
1.622044 11.703843
1.542000 11.358005
1.618570 10.516275
1.421278 10.919382
1.576205 10.158264
1.473591 10.666400
1.363485 9.986079
1.531181 11.389507
1.382708 12.696441
1.441183 12.891299
1.432848 13.007491
1.598078 12.433847
1.456268 10.679861
1.482322 11.931996
1.378537 10.419794
1.486763 11.117067
1.423520 12.899019
1.384665 10.337993
1.591984 11.051808
1.517693 10.089462
1.446811 12.148650
1.550126 10.717352
1.542959 8.261481
1.457815 10.560906
1.397791 11.957920
1.669286 11.356384
1.486177 10.873291
1.420147 13.001881
1.514314 12.482691
1.511424 10.434667
1.397288 10.252168
1.422138 12.711230
1.615784 11.125090
1.412086 11.143662
1.676112 8.926958
1.408904 12.045141
1.380794 10.161078
1.411165 10.869654
1.571602 7.933711
1.553040 11.617925
1.423181 11.098589
1.387749 10.873091
1.397637 11.212203
1.363231 11.268141
1.470745 11.091367
1.402579 11.421667
1.377454 11.661488
1.365746 10.790613
1.468661 11.201031
1.526914 11.207706
1.532648 10.258580
1.478437 11.236335
1.442995 10.250614
1.543233 11.142513
1.544438 11.759678
1.483532 11.494608
1.428174 11.662664
1.392820 11.703481
1.554326 10.762214
1.411161 12.100927
1.470409 10.177070
1.587072 11.574680
1.582339 9.707623
1.382714 12.644818
1.474153 10.099354
1.523550 11.290516
1.591261 7.284273
1.466173 11.107837
1.576430 10.895552
1.540533 9.840362
1.523159 11.257587
1.398276 12.403360
1.388939 12.344814
1.546441 10.311892
1.503878 9.978893
1.448742 10.947701
1.520567 11.643614
1.437543 11.826470
1.448080 10.987639
1.422538 11.308338
1.446208 10.172922
1.588470 9.779852
1.444627 10.714608
1.490225 9.528583
1.371430 11.124684
1.483628 12.573068
1.589100 12.179936
1.496590 8.971629
1.411829 9.427030
1.471147 11.225595
1.500454 11.029844
1.686329 9.933184
1.570491 11.297853
1.501085 10.828587
1.494483 9.569065
1.543843 12.408981
1.518688 9.631519
1.559025 10.849573
1.397988 9.845945
1.664955 10.164733
1.625099 10.271231
1.520682 10.923237
1.394841 10.550747
1.657540 8.901826
1.676305 11.489006
1.514048 9.939087
1.617346 9.047034
1.560562 12.081569
1.447034 11.055102
1.369150 11.728424
1.400550 11.152482
1.614821 11.806637
1.412453 12.946009
1.508426 9.798292
1.630494 10.568106
1.456918 10.468424
1.566786 9.896774
1.479268 12.572757
1.383690 10.131802
1.454481 10.485066
1.578404 8.976452
1.410228 11.098975
1.531110 12.422426
1.501209 11.170796
1.527159 11.742168
1.402889 11.233801
1.625660 8.855118
1.648260 11.072230
1.394855 9.706895
1.489673 5.321909
1.545970 11.038761
1.552065 10.230432
1.638123 10.123232
1.661482 10.966505
1.442614 10.044533
1.485035 9.536916
1.536191 12.565854
1.525907 10.694787
1.461721 13.241949
1.576206 12.890555
1.496364 10.502839
1.401473 10.686395
1.443939 10.590913
1.513417 10.158413
1.517379 11.065720
1.443914 11.401985
1.510969 11.106017
1.401166 10.383126
1.517792 11.500239
1.439907 13.064890
1.496153 10.601135
1.518646 6.645972
1.450398 11.534671
1.378693 11.492425
1.575467 10.038803
1.400002 12.478595
1.418279 12.000731
1.442939 10.447281
1.365496 14.998498
1.578979 10.603086
1.533378 12.813850
1.535734 10.699421
1.411253 11.798811
1.621748 10.770992
1.648329 11.080132
1.372532 9.961720
1.377162 10.281653
1.473612 9.748483
1.491878 11.634077
1.378983 10.976282
1.394335 10.648273
1.441027 10.465068
1.419477 11.234770
1.434540 9.530284
1.512477 11.338611
1.419193 10.514026
1.373790 11.775428
1.607886 12.523115
1.616921 12.270909
1.433605 12.418257
1.549907 10.214755
1.624707 10.215034
1.374379 12.269778
1.370384 12.020156
1.373968 10.672932
1.437959 10.410027
1.433536 10.030227
1.442008 10.964985
1.723587 8.184414
1.388314 12.918890
1.477891 12.352491
1.493473 11.295532
1.483207 11.253569
1.545362 10.809026
1.590190 11.693473
1.429056 10.397214
1.636577 11.430128
1.552378 10.532090
1.555662 9.771636
1.510157 9.894848
1.555817 10.875001
1.490884 11.415928
1.584725 10.146569
1.609902 9.893495
1.499203 10.938291
1.504717 9.189802
1.381166 13.763493
1.374875 10.712052
1.480512 11.431400
1.457244 12.118655
1.370749 12.439945
1.396038 10.050837
1.427243 9.628794
1.526499 12.595382
1.443722 12.219602
1.556873 9.934564
1.554652 10.894634
1.548932 12.612974
1.476736 9.046735
1.559638 10.502987
1.583215 9.204770
1.542120 10.629903
1.449411 11.419240
1.429512 12.124770
1.611014 10.050985
1.540420 10.013662
1.381662 10.885891
1.428689 10.731369
1.405624 10.421080
1.478152 10.373839
1.545460 10.176636
1.502230 10.865865
1.384418 13.194252
1.458668 10.716170
1.421588 10.895452
1.460125 10.307171
1.411724 11.827950
1.581323 12.329665
1.435235 9.909425
1.667894 8.521423
1.619593 8.986119
1.603847 11.044952
1.696310 7.808824
1.508419 11.366065
1.559198 10.993673
1.721130 8.079814
1.599093 11.422730
1.717867 11.384620
1.511857 10.607823
1.619854 9.327496
1.504159 9.910646
1.536858 7.944784
1.393955 10.829441
1.594388 11.495515
1.723252 11.026468
1.553567 9.094342
1.585562 10.092763
1.542540 11.352873
1.554361 8.961745
1.626881 9.581057
1.701017 10.219308
1.432943 12.418081
1.477519 12.450864
1.724325 10.114876
1.450172 12.605155
1.579021 10.989899
1.502137 12.855498
1.580195 9.860727
1.464714 10.535502
1.499077 12.649944
1.606640 10.778561
1.649956 11.570249
1.522989 10.956673
1.558384 10.127169
1.542274 10.304116
1.373608 13.052428
1.584385 10.738822
1.624926 10.912072
1.523204 10.705699
1.402898 11.262861
1.406653 10.750019
1.491378 11.365888
1.524295 10.114145
1.613798 10.296483
1.661113 10.763564
1.490854 10.982513
1.503694 10.985910
1.378100 12.789642
1.402113 10.948992
1.394782 10.484213
1.415992 9.843387
1.536856 10.360621
1.499506 10.752472
1.436062 10.956491
1.456383 10.537533
1.575387 10.212527
1.399687 10.359702
1.415750 11.459360
1.461197 10.862996
1.561602 11.960893
1.566591 9.776608
1.682935 10.741101
1.452213 12.478293
1.730992 11.540955
1.425896 10.499001
1.428715 11.283131
1.528891 10.715347
1.530433 11.223161
1.423420 10.077749
1.582640 10.296635
1.600712 7.386844
1.473629 13.020673
1.395837 9.766811
1.398977 12.765592
1.585034 11.313514
1.498427 11.019906
1.537033 11.327655
1.459008 10.502498
1.417375 10.829043
1.484424 11.779778
1.707177 10.680239
1.614272 9.484731
1.566886 10.469723
1.577912 11.742301
1.595545 12.597175
1.495927 11.804298
1.405089 11.197852
1.495846 10.135646
1.430399 12.327235
1.730590 7.917177
1.423313 13.158748
1.402602 11.755743
1.475011 10.080057
1.441897 13.298223
1.442683 9.240387
1.554241 10.463573
1.397439 10.587217
1.385791 9.523631
1.620483 10.676203
1.534137 9.920234
1.406022 11.443094
1.464232 10.756265
1.461326 10.626261
1.449171 10.429064
1.564737 9.652049
1.600461 12.068567
1.466257 11.852814
1.415682 12.165493
1.474422 9.461717
1.536699 10.179444
1.523992 11.154340
1.472847 10.115043
1.569041 12.211488
1.440734 11.494247
1.478040 12.565976
1.392655 10.022245
1.370171 11.233707
1.571981 12.188836
1.594064 10.882677
1.367894 10.636557
1.759418 10.731362
1.676927 11.619035
1.395862 9.427958
1.518521 9.871555
1.547035 10.243534
1.652454 10.838858
1.588619 10.525149
1.605547 10.603350
1.518316 9.528082
1.439121 9.978343
1.669638 10.245316
1.482098 10.425840
1.571537 10.037066
1.444238 11.060717
1.571939 9.772072
1.614235 10.469618
1.591543 11.727174
1.571271 10.662468
1.626057 10.557115
1.505167 12.225189
1.595597 9.601919
1.609838 10.872830
1.581502 10.608405
1.598405 10.039897
1.472660 10.376981
1.440676 10.404906
1.578977 9.495332
1.574915 11.985391
1.526405 9.576828
1.421366 13.009039
1.563571 11.108536
1.544762 10.155508
1.436038 11.683108
1.719448 10.176845
1.603245 10.555690
1.568502 11.702255
1.608575 9.504499
1.667106 11.255791
1.510236 10.148028
1.403448 12.620153
1.683402 9.483317
1.459205 10.111625
1.557373 10.391825
1.661282 6.917205
1.707760 10.169366
1.616991 11.554952
1.375179 10.635772
1.377293 10.208851
1.614029 12.627804
1.633933 11.948720
1.396108 12.248011
1.383691 10.488517
1.514822 10.448428
1.721438 9.637500
1.459894 12.988617
1.572928 10.675670
1.614127 10.679280
1.384392 10.800913
1.566950 10.725849
1.478764 13.344635
1.599015 10.494168
1.455095 11.841716
1.444939 10.055611
1.445445 10.433859
1.586633 10.297653
1.588977 10.463866
1.597365 9.424448
1.575466 11.595726
1.611710 10.212150
1.503076 10.969792
1.547337 10.399804
1.501143 8.399073
1.619114 9.819060
1.430471 12.700281
1.727050 7.321466
1.534323 9.578073
1.469339 12.788749
1.545084 10.079555
1.637408 9.677109
1.705045 10.846462
1.566253 7.826258
1.501295 11.376923
1.401976 11.122591
1.399893 13.296334
1.400761 10.315203
1.694624 6.742566
1.488933 12.663350
1.469117 10.970049
1.560759 11.382033
1.614405 8.012781
1.508533 9.801527
1.415438 11.876586
1.591556 12.198045
1.490460 10.160345
1.539918 10.992190
1.699249 10.900596
1.495745 10.212051
1.452660 10.962063
1.517286 9.460744
1.626341 11.356975
1.439972 11.081767
1.533954 10.321150
1.618450 10.561201
1.468133 9.788566
1.453822 11.494833
1.417260 10.970921
1.464397 10.349786
1.520255 12.790195
1.465846 11.251775
1.445811 10.731205
1.543685 10.007883
1.600530 11.752147
1.548515 11.871287
1.597275 11.956648
1.441861 10.691493
1.483080 10.937966
1.386178 12.326668
1.539341 10.541907
1.581270 8.250812
1.640603 10.045490
1.442019 11.947436
1.492455 8.858247
1.449212 10.490439
1.513711 10.607190
1.393678 11.793909
1.442865 10.847003
1.531477 10.658404
1.483186 10.580773
1.460902 13.345334
1.460099 12.035091
1.497832 10.463417
1.546534 10.155292
1.523109 9.815461
1.558202 10.716215
1.546871 10.651614
1.417356 9.719377
1.478633 11.237189
1.475619 12.595331
1.442179 12.754716
1.442407 11.259828
1.544806 10.194724
1.575786 10.940092
1.571216 12.384132
1.551771 10.960279
1.505496 10.777945
1.383351 11.097714
1.485530 10.495801
1.486879 10.141273
1.542991 10.473007
1.580470 10.110087
1.412472 9.830138
1.423117 10.516819
1.472888 10.681065
1.554022 11.422411
1.555989 10.627887
1.647501 9.463588
1.442128 10.936581
1.461269 10.558326
1.461522 12.714110
1.459019 10.632223
1.406718 10.078773
1.397311 11.256295
1.362198 11.445343
1.414962 11.483797
1.545118 9.426902
1.497311 12.545385
1.456621 11.512057
1.600318 10.462082
1.498448 12.113797
1.614691 10.534173
1.610936 11.776826
1.450065 10.798808
1.478482 10.585036
1.454685 12.932942
1.449067 10.664858
1.606666 11.188693
1.462389 10.520594
1.523229 10.004171
1.593079 10.450829
1.449829 12.100507
1.612565 11.954287
1.487662 11.107488
1.474849 11.071336
1.629842 10.668679
1.386100 12.319466
1.544439 10.239663
1.672205 10.505084
1.705832 10.456065
1.653057 12.463233
1.484895 11.107273
1.562641 9.001590
1.578355 10.076582
1.528994 10.278580
1.600519 10.594217
1.570221 10.297447
1.544058 11.378733
1.468882 9.771330
1.472198 11.077149
1.503920 12.512339
1.388779 11.668704
1.589075 9.992104
1.479138 10.467738
1.639115 10.106088
1.547416 8.519088
1.561993 12.525694
1.408630 11.461637
1.518157 11.797519
1.419521 11.512849
1.389362 11.822031
1.631685 10.262647
1.499024 11.625428
1.466083 12.237985
1.518911 11.274804
1.469536 11.695506
1.608023 8.749425
1.488820 8.491449
1.495167 10.669600
1.570688 9.995391
1.558567 9.920565
1.435738 12.037071
1.461724 10.915939
1.487598 10.104090
1.434188 10.296429
1.450586 8.882154
1.402800 9.756034
1.404419 10.860634
1.408971 9.646909
1.438178 13.287074
1.411418 11.064199
1.426616 12.361200
1.462002 11.853786
1.482377 11.443738
1.453926 10.173762
1.385515 12.408759
1.423144 12.661310
1.377231 12.424430
1.493881 13.420329
1.497571 9.919373
1.541432 12.682851
1.500266 12.310909
1.527148 12.631628
1.506143 13.461520
1.648028 9.098021
1.471901 12.983400
1.590010 12.734159
1.582578 12.965468
1.420217 9.849061
1.546913 10.783611
1.498745 11.092114
1.564828 12.322184
1.594676 10.154777
1.553509 13.286837
1.559958 9.640844
1.504329 11.014543
1.516779 6.257088
1.543307 13.202164
1.465741 9.402956
1.459819 10.473016
1.594158 10.473733
1.672065 10.441986
1.552740 11.217195
1.483626 12.539297
1.467906 9.685134
1.394395 10.795910
1.467000 10.077079
1.654542 9.514415
1.568317 9.822454
1.461519 12.924475
1.452895 12.514528
1.501721 10.911743
1.592161 9.668836
1.621611 10.261548
1.455685 11.836457
1.399329 12.205721
1.394418 11.150667
1.385232 10.099986
1.422011 12.448607
1.489377 11.783662
1.573746 12.485988
1.466420 10.349959
1.548185 11.501936
1.541059 10.724371
1.557361 11.285014
1.389115 11.988025
1.381705 13.511202
1.373499 10.049645
1.487469 10.322942
1.533705 10.916572
1.589782 11.783052
1.490544 11.179268
1.377063 10.400732
1.469843 10.696216
1.548250 10.057629
1.515199 11.435626
1.461291 11.509361
1.381195 10.340794
1.420980 12.341847
1.556699 10.745236
1.522898 10.173580
1.468878 10.075865
1.396212 11.185195
1.458360 10.088188
1.642023 8.856492
1.440941 12.410387
1.586559 11.613892
1.555590 10.083441
1.479539 12.045066
1.486730 10.843520
1.381754 11.069342
1.556430 10.720041
1.510500 10.333668
1.527214 10.885769
1.643673 9.273890
1.483135 10.970555
1.522900 11.264887
1.507504 11.138502
1.539242 10.423444
1.562460 10.060469
1.563191 10.551502
1.563154 9.898281
1.478341 12.172517
1.590555 10.281208
1.469244 10.384106
1.420221 10.918620
1.507423 10.005616
1.560069 10.828259
1.561451 10.651235
1.524362 11.038466
1.638961 11.733678
1.364202 13.134859
1.509964 10.991912
1.491813 9.926663
1.471323 9.651656
1.476630 11.040875
1.534022 12.223449
1.437278 10.685384
1.558709 8.544186
1.407763 9.853136
1.544879 12.037437
1.458727 10.211234
1.506963 10.728185
1.477127 11.501704
1.369149 10.388264
1.590148 8.439087
1.362777 12.335829
1.734476 12.532919
1.753278 11.514675
1.722147 10.388151
1.643951 9.951065
1.544900 9.794591
1.573108 10.218223
1.453138 11.062694
1.511016 9.986169
1.514030 9.139911
1.453405 10.916887
1.530301 9.855087
1.653993 9.776658
1.578536 10.743270
1.464260 12.091149
1.494896 9.630611
1.554548 12.365560
1.510321 12.327237
1.494372 11.483259
1.372251 11.844882
1.546898 10.747524
1.394912 12.630130
1.429957 10.946313
1.401937 11.521159
1.417025 12.930938
1.503215 11.066499
1.516228 10.787977
1.431193 10.775579
1.608776 11.228487
1.582326 9.641174
1.507925 10.875190
1.452270 9.872372
1.382890 13.432844
1.521621 10.281159
1.487359 11.270961
1.628816 10.947512
1.520366 11.009657
1.472427 10.070825
1.629501 10.754263
1.588577 10.218868
1.602832 10.952997
1.553049 11.286869
1.409395 12.073879
1.365383 13.156632
1.474335 12.290546
1.378827 12.761337
1.646078 8.859561
1.610509 8.376557
1.650648 9.403949
1.572192 9.641495
1.551768 11.193885
1.424370 10.531547
1.472273 11.725921
1.379870 13.039735
1.502476 14.185937
1.569151 9.369536
1.531181 10.185602
1.539913 10.584376
1.489721 10.942320
1.488901 12.542389
1.534013 11.509748
1.515768 12.401667
1.398159 13.309294
1.403893 10.518048
1.490230 9.988279
1.529568 9.112184
1.506261 10.818615
1.535238 10.899367
1.511855 10.567371
1.419356 12.773697
1.424378 10.743469
1.518588 12.531293
1.499117 10.308828
1.669983 11.324544
1.597336 10.258584
1.563385 10.606552
1.463117 10.775893
1.608349 10.072756
1.548492 11.023392
1.369397 12.262716
1.462515 12.541822
1.498119 9.923620
1.563914 9.955707
1.456014 12.729322
1.624439 12.265640
1.412419 12.400429
1.508627 11.205426
1.450188 12.443594
1.370628 10.965196
1.378427 10.151623
1.390533 11.066649
1.513363 13.057802
1.423529 12.126204
1.527832 10.502585
1.514334 11.758684
1.596715 11.016871
1.524593 11.192347
1.519584 10.591213
1.565226 9.610097
1.569703 10.780845
1.523714 9.606861
1.436833 10.851533
1.483178 10.172956
1.549005 10.272828
1.540989 13.009090
1.590471 10.029532
1.421030 12.276463
1.465925 9.676363
1.457317 10.862607
1.581148 10.428585
1.577162 13.088055
1.375360 11.604399
1.605034 8.804235
1.501031 10.387424
1.386025 12.024246
1.411962 10.137647
1.469968 10.299097
1.506862 10.496873
1.479657 10.236907
1.610473 9.860424
1.630803 11.236312
1.498025 11.216498
1.390494 10.728304
1.419890 10.759201
1.675813 10.490231
1.448476 12.258948
1.704370 9.032400
1.652990 12.646843
1.502230 13.618305
1.499643 12.939680
1.555760 10.365166
1.597499 10.839218
1.441634 9.559192
1.413146 11.381143
1.492166 10.409041
1.533691 9.873635
1.534286 9.821317
1.611361 9.618823
1.548121 10.551188
1.623950 12.211414
1.495981 10.869437
1.498217 12.472965
1.504827 10.476824
1.567011 11.386617
1.535797 11.487318
1.593002 8.903369
1.542811 10.268976
1.556079 12.953550
1.563518 12.026510
1.385854 10.774677
1.636336 11.786546
1.408224 11.951150
1.391191 13.662509
1.375179 9.639673
1.543256 9.013315
1.540480 8.678167
1.547317 8.405543
1.501108 12.194642
1.515449 9.961208
1.434916 10.550338
1.576102 10.448826
1.550133 11.011558
1.659977 11.170909
1.525509 10.509300
1.435207 10.231337
1.381109 10.606173
1.396254 10.425050
1.584865 10.389234
1.470188 9.729302
1.563406 10.241462
1.663836 9.368134
1.485974 10.232303
1.481785 10.999406
1.490391 10.784069
1.461901 10.914866
1.435290 10.009273
1.374566 11.334288
1.474412 10.455184
1.383017 9.243580
1.433861 10.372580
1.518371 12.389228
1.457445 10.341232
1.424895 9.540538
1.497672 10.255958
1.408270 12.742540
1.609514 11.653276
1.588570 8.702168
1.599023 11.044637
1.491995 12.116331
1.559119 12.286679
1.403968 13.209722
1.566227 9.211470
1.399845 10.421093
1.451874 11.088111
1.495441 10.747652
1.566195 9.749275
1.561768 11.181243
1.381042 9.279511
1.606467 10.099333
1.510628 10.758958
1.384059 10.804375
1.439466 10.807015
1.606203 9.809028
1.439265 9.953941
1.581657 10.753258
1.494549 10.231216
1.463843 11.227673
1.422520 12.225031
1.425450 11.867648
1.479289 11.227221
1.498533 10.719082
1.415321 10.124548
1.473892 12.420737
1.541532 10.688343
1.423345 10.391702
1.539002 10.281571
1.634137 10.350281
1.466049 10.873814
1.601893 11.171821
1.627343 12.379506
1.538064 12.151834
1.379225 9.914227
1.408032 11.544470
1.530751 9.963467
1.384978 9.878456
1.550944 10.294624
1.645905 10.526564
1.596823 10.300005
1.678976 8.559743
1.641444 9.622027
1.639986 10.502209
1.634997 10.056784
1.545728 9.456586
1.421503 12.518794
1.498462 10.167590
1.387963 10.529952
1.533268 10.752620
1.376877 9.947736
1.362820 9.861580
1.456507 10.383697
1.600460 10.430670
1.429259 11.443120
1.367640 9.627456
1.374807 11.496507
1.575767 11.248497
1.453722 11.386719
1.650873 12.278099
1.435373 9.845658
1.453370 12.071682
1.382697 10.275169
1.400210 10.677734
1.628111 9.343687
1.385084 10.342500
1.428810 10.795083
1.396239 10.584016
1.397352 11.616770
1.440263 9.667691
1.419733 11.808667
1.472408 11.802414
1.581085 8.423662
1.487553 9.583295
1.384715 11.246373
1.515188 13.183514
1.405491 11.953751
1.485934 9.507136
1.529453 13.167374
1.470093 11.421775
1.368027 12.256703
1.519095 10.973329
1.491866 11.048970
1.418215 12.433154
1.459625 9.061157
1.480421 10.287827
1.382093 12.258148
1.474623 11.053195
1.461195 10.240796
1.484215 11.041781
1.393151 12.966994
1.430894 10.236903
1.490424 13.185963
1.458451 10.223196
1.628799 10.355698
1.422167 12.811286
1.571506 9.923331
1.520255 9.715782
1.494027 10.316511
1.499587 9.883364
1.391108 10.263765
1.427029 9.638480
1.600383 11.907085
1.522758 12.983185
1.517146 10.381081
1.491557 9.775259
1.496225 11.062650
1.365314 12.191897
1.436124 12.505569
1.406150 12.931294
1.463120 13.011199
1.374662 10.861409
1.409212 11.144168
1.442984 13.206242
1.711462 8.957161
1.483584 10.747081
1.550495 10.385377
1.482296 9.409335
1.516533 10.554323
1.492949 8.721134
1.517205 10.394942
1.534578 9.296731
1.487005 9.569714
1.629184 9.183314
1.562961 10.415683
1.638507 8.081897
1.433973 12.252222
1.585570 10.651449
1.509626 10.661544
1.547837 10.280873
1.447584 12.473549
1.593354 12.534169
1.565341 10.904415
1.400168 9.815423
1.390978 11.042901
1.421462 10.825834
1.431853 11.343702
1.572865 10.738003
1.494890 10.813478
1.382465 10.321396
1.367407 10.286992
1.375528 12.840614
1.470735 12.348623
1.489675 10.117817
1.586921 11.878045
1.443971 10.080673
1.522096 11.481956
1.486777 10.364362
1.452337 11.428201
1.397021 11.357704
1.583413 11.053991
1.568552 10.063497
1.583308 9.618352
1.395951 11.766668
1.534284 9.389310
1.540294 10.217001
1.667604 9.539692
1.627186 7.179278
1.401147 10.850654
1.735799 9.512967
1.624257 9.989731
1.496004 10.592180
1.592741 9.801183
1.495363 10.046383
1.447576 12.694131
1.476981 10.979717
1.469117 12.106194
1.503505 11.078113
1.376175 12.186984
1.440089 11.219120
1.693105 10.252353
1.551848 10.692406
1.660201 9.722185
1.570288 9.055989
1.438817 10.751691
1.389302 10.698386
1.676126 9.818946
1.717487 10.170948
1.474772 11.160375
1.689813 10.342396
1.579112 11.294555
1.489689 9.959908
1.622923 8.788837
1.593491 10.298785
1.562105 12.297498
1.551270 10.959276
1.566798 10.961469
1.585483 10.680883
1.367764 11.722621
1.384729 10.416620
1.439562 10.866198
1.419159 12.828899
1.462753 12.569660
1.586993 11.171298
1.460046 12.394895
1.376421 12.428399
1.593063 9.531220
1.590964 10.345036
1.563145 10.897206
1.580981 8.160686
1.668075 11.229919
1.505084 10.745243
1.570224 9.817012
1.453709 12.002401
1.425747 9.876077
1.410434 9.405501
1.399131 11.116954
1.411165 10.710487
1.477774 10.695299
1.615171 9.322768
1.373603 12.064175
1.395940 11.217038
1.615098 11.244113
1.517152 10.746054
1.465334 10.113125
1.477626 10.252214
1.686750 7.530405
1.501270 10.368571
1.413567 11.859300
1.527229 11.702825
1.502703 10.244231
1.594279 8.649147
1.461577 11.111232
1.544332 10.655850
1.469370 13.552985
1.460518 8.182138
1.418943 11.819259
1.386806 12.229325
1.440797 12.235213
1.419540 12.763484
1.561501 12.013074
1.423086 12.414685
1.499853 12.170480
1.642365 11.664770
1.659085 10.252687
1.677607 10.323714
1.406489 10.177739
1.520509 8.313234
1.473442 9.762910
1.481793 10.268126
1.463213 10.170255
1.466580 10.630292
1.380112 10.950441
1.534070 10.943395
1.586148 10.894092
1.502332 9.869081
1.556611 10.925925
1.495780 11.043558
1.552268 10.665713
1.565001 9.751659
1.532542 9.805176
1.520805 9.895439
1.375940 9.478115
1.382333 10.084438
1.433589 12.249533
1.548947 10.691277
1.487729 11.250918
1.648840 12.904614
1.555023 10.829626
1.510775 12.850521
1.479788 11.458583
1.545867 12.255178
1.572261 11.293201
1.704844 8.386895
1.474501 11.592963
1.439780 10.058156
1.503968 7.085116
1.520603 10.498250
1.451094 10.301325
1.609336 8.905470
1.526838 10.653112
1.466142 11.002005
1.410578 11.215649
1.545918 9.572451
1.609994 10.676565
1.632673 10.927514
1.579771 11.832047
1.708113 10.971579
1.443178 11.242071
1.555431 9.223171
1.418675 10.573480
1.432613 12.684211
1.520730 10.076818
1.383804 13.161292
1.511944 10.889993
1.571089 9.764373
1.670442 10.074260
1.634006 9.604405
1.452421 10.576705
1.470411 10.322149
1.421304 10.576898
1.424969 11.093563
1.602899 11.451579
1.502705 10.553550
1.541269 7.952636
1.463005 10.032419
1.395134 10.852977
1.457640 10.499148
1.383161 10.429100
1.527147 10.616476
1.404530 11.267124
1.480868 11.134761
1.469333 11.991057
1.497808 10.215423
1.426848 11.788859
1.445866 12.188566
1.407322 12.472123
1.590224 10.077462
1.552145 12.191676
1.532757 9.813173
1.561013 11.697469
1.635110 10.367155
1.621471 11.746968
1.567118 11.967204
1.526741 10.681868
1.539345 10.634146
1.377832 10.747357
1.677324 9.631038
1.639896 11.731201
1.590238 10.696304
1.494294 10.065070
1.505760 10.963092
1.467450 10.478745
1.402855 12.007761
1.418421 11.025779
1.700556 11.091497
1.595013 10.615587
1.614323 12.578218
1.602581 10.152488
1.527357 8.297273
1.422754 10.826371
1.589058 9.405140
1.483226 11.858883
1.472609 10.909807
1.428157 10.919443
1.461693 10.540222
1.577623 11.889737
1.602321 9.940462
1.562157 11.781674
1.484166 10.465718
1.473938 10.296582
1.468584 10.482945
1.535832 11.938800
1.671481 10.105922
1.551153 10.616479
1.402214 12.864212
1.507954 11.979110
1.481351 10.298957
1.512492 10.618458
1.619179 11.007925
1.432900 9.907086
1.684108 10.021042
1.588154 10.307538
1.398577 12.020791
1.488718 11.987389
1.459040 10.197539
1.392386 12.654320
1.384819 12.783319
1.509446 10.618588
1.731724 9.069281
1.510139 11.723173
1.376724 11.648550
1.364374 11.983284
1.399981 10.807734
1.403956 10.502244
1.499025 10.945682
1.478079 10.454870
1.533333 10.938293
1.496986 11.559920
1.427977 13.101586
1.521663 11.526602
1.640987 9.971292
1.570076 9.930674
1.424210 11.693223
1.584125 10.816569
1.645186 9.881146
1.471266 11.748066
1.393921 11.608843
1.410665 10.551530
1.450498 10.050914
1.530782 10.617973
1.598406 11.056227
1.607070 11.011107
1.461878 10.943020
1.534040 10.427891
1.489151 10.916530
1.500392 10.082276
1.476833 10.919630
1.491845 10.861225
1.406968 11.222505
1.454977 11.621890
1.634189 10.427175
1.538657 12.174461
1.526912 10.546408
1.543273 10.538155
1.549984 10.371908
1.631097 6.445688
1.521292 10.516080
1.667990 11.418250
1.553640 6.604604
1.386592 12.686986
1.596080 12.017637
1.605184 10.105962
1.730081 9.989165
1.384818 12.134087
1.474043 9.497165
1.428398 11.504672
1.430026 11.052268
1.362429 11.799354
1.423070 10.899354
1.475101 10.501203
1.589077 10.186688
1.574886 9.516418
1.572316 10.124691
1.509854 10.703738
1.594544 10.568532
1.739000 10.419180
1.505351 10.405697
1.509877 10.967242
1.508064 11.950047
1.387162 10.897476
1.660267 9.533169
1.530984 12.183776
1.373075 10.396648
1.436948 12.952799
1.663366 10.496611
1.498683 10.834691
1.533835 10.271265
1.544803 11.190818
1.406440 11.795772
1.446907 12.789960
1.460058 12.697493
1.500088 10.077774
1.464722 12.745350
1.366230 11.538129
1.396749 12.070187
1.421889 10.132609
1.402022 10.273559
1.579779 11.565862
1.468542 11.813371
1.440433 12.984635
1.385881 10.674266
1.496709 10.793916
1.730452 10.772586
1.633672 10.266955
1.615403 8.990218
1.458875 12.707376
1.604114 12.330881
1.611749 11.180525
1.656739 9.544032
1.495664 10.528575
1.690198 9.636409
1.677465 10.113300
1.605032 9.107454
1.488089 10.753539
1.379872 13.140755
1.584770 9.497890
1.651163 9.324130
1.430772 10.531201
1.551758 10.054456
1.487904 10.572448
1.569758 8.016290
1.534479 11.142417
1.690113 7.759011
1.741905 10.467493
1.423028 11.642412
1.418242 11.238243
1.464969 10.306738
1.538375 9.782085
1.586968 9.409012
1.379999 11.842307
1.675053 9.822842
1.406671 13.156714
1.533016 11.433282
1.455018 13.250458
1.634795 10.494261
1.689546 8.546288
1.628567 10.770493
1.715079 9.367984
1.470523 10.316604
1.679749 10.503131
1.654299 10.437311
1.525554 12.372063
1.423242 10.474031
1.560651 12.651507
1.608413 9.995450
1.546301 11.279242
1.560923 11.024509
1.501043 10.819608
1.525278 12.754439
1.565593 11.402199
1.398220 10.270884
1.612198 10.589371
1.599107 10.575189
1.584769 10.288017
1.456192 10.560637
1.467995 10.978004
1.396111 10.899816
1.416878 12.851344
1.533075 9.859455
1.563259 10.256562
1.572356 11.516600
1.537730 10.516172
1.512204 10.549896
1.488107 9.968046
1.426630 9.819414
1.603480 10.678004
1.622064 8.668927
1.538584 10.145094
1.567419 12.269154
1.552856 10.110544
1.508332 10.730333
1.602577 10.058355
1.561251 8.475787
1.476021 10.741590
1.395777 12.834988
