1.205749 9.358211
1.253115 9.833989
1.206940 9.373914
1.191476 10.102846
1.128266 9.395534
1.174319 10.204561
1.226523 10.276095
1.243641 9.806641
1.164412 10.727742
1.353682 10.466460
1.145844 12.316750
1.148994 11.154821
1.306448 12.549854
1.251530 10.235428
1.169358 9.366255
1.273887 12.217569
1.267732 10.695827
1.175721 10.789405
1.193460 9.822518
1.190214 10.957805
1.248452 11.850221
1.210626 10.606723
1.183736 11.163573
1.194895 10.918739
1.157565 10.419883
1.190446 10.600018
1.201314 11.461646
1.238818 10.505050
1.228313 11.040202
1.259724 10.986936
1.293969 11.258012
1.133567 12.957157
1.357099 11.877650
1.322820 9.947347
1.179706 11.083175
1.098413 9.139267
1.291261 11.080513
1.103014 11.391120
1.276926 9.363686
1.272874 9.999719
1.321568 12.555717
1.356807 11.464606
1.240414 10.565013
1.237646 12.416621
1.158976 12.210839
1.169241 11.964174
1.232757 9.358492
1.275171 12.958333
1.063164 10.283278
1.160223 10.229812
1.223812 9.508425
1.299148 13.603486
1.341198 12.558137
1.250283 10.782747
1.254476 10.749986
1.198656 11.439166
1.349361 10.484726
1.136478 9.829961
1.139199 9.938105
1.225518 10.573575
1.204012 8.700072
1.348364 12.683795
1.244151 9.993757
1.206762 10.338022
1.088874 7.777076
1.162657 9.814380
1.198914 10.762396
1.254042 10.348211
1.161535 9.352033
1.187507 11.041611
1.210874 9.844777
1.251377 12.268258
1.258300 10.529189
1.352820 11.677291
1.230837 13.309861
1.182667 12.120680
1.290443 10.304682
1.224492 11.470241
1.147158 9.749817
1.211533 9.714565
1.117725 9.473493
1.245376 10.732758
1.245747 10.611705
1.098255 10.962043
1.101463 8.725109
1.112664 10.440092
1.233780 12.075182
1.227043 10.413001
1.194713 13.123948
1.302401 10.481350
1.236421 11.603523
1.293253 10.305817
1.189621 11.587412
1.163374 10.449292
1.256894 9.905487
1.217644 10.194539
1.274065 10.086797
1.345458 10.803414
1.310564 12.915136
1.259293 11.835546
1.280342 10.503571
1.214489 12.873146
1.334798 12.272639
1.301908 9.278828
1.241816 11.843034
1.264693 10.874160
1.292046 11.317347
1.266414 13.194114
1.354166 10.811635
1.343836 12.906483
1.294377 10.972051
1.327252 11.080203
1.295433 11.620277
1.187764 10.298769
1.270367 9.906279
1.321613 11.580488
1.168002 9.660023
1.320394 11.449126
1.214695 12.140102
1.232556 12.147184
1.235991 11.411855
1.162309 9.745209
1.214211 11.010589
1.173280 10.571632
1.277071 10.474554
1.253487 12.655580
1.279555 10.520026
1.158425 10.262575
1.259603 11.077333
1.096051 9.555042
1.213426 9.488539
1.331651 11.150533
1.238519 10.767965
1.141038 10.259679
1.251725 10.390601
1.248301 10.314305
1.272605 11.892627
1.203515 8.050025
1.223803 9.876954
1.269941 9.114836
1.293429 9.572375
1.307762 11.285682
1.150324 10.456473
1.102197 10.286183
1.182023 10.379655
1.335675 12.043498
1.158355 9.914520
1.174211 12.179459
1.180708 9.814254
1.358376 12.739238
1.210565 12.824574
1.198450 12.054399
1.149121 11.718524
1.219571 10.054948
1.209542 11.059281
1.132078 10.215270
1.136936 10.373975
1.241395 12.562647
1.175252 9.368641
1.159774 11.094662
1.154605 10.740877
1.235532 10.295623
1.347224 13.099078
1.124544 9.967060
1.190986 10.599977
1.120028 10.232445
1.118485 9.943787
1.342401 11.016741
1.239455 13.223389
1.264339 11.505942
1.200017 12.277614
1.334520 12.482216
1.263522 10.631422
1.338518 10.641886
1.167327 9.893081
1.264102 9.899029
1.340707 10.593006
1.264759 10.880444
1.281391 10.810713
1.256497 10.341170
1.270752 10.314677
1.320875 12.164096
1.221538 10.154946
1.298536 12.741984
1.354049 10.858639
1.297321 9.485432
1.113802 10.589504
1.230247 12.771019
1.239321 10.663864
1.145804 8.879282
1.148092 10.602956
1.303147 10.216773
1.345414 11.175728
1.322248 12.535307
1.268548 11.522902
1.244595 9.949187
1.285784 11.778882
1.209902 9.134086
1.197718 10.337634
1.333238 12.264361
1.277673 11.002681
1.271801 10.695700
1.229906 10.293672
1.188879 10.469504
1.211468 11.287219
1.225578 11.291835
1.211720 10.526900
1.207928 11.299132
1.208634 10.184271
1.297012 12.142630
1.288857 12.071608
1.188649 11.204643
1.266895 11.065181
1.275424 9.985850
1.157969 9.942484
1.207104 10.559420
1.355860 9.883548
1.249025 10.410697
1.238829 10.200773
1.197264 9.854355
1.180739 10.057448
1.205745 10.794733
1.286164 10.759384
1.259409 10.498632
1.200649 11.041194
1.265756 9.844590
1.151190 10.150798
1.234665 10.625429
1.222936 10.275095
1.313196 10.822851
1.246285 12.616038
1.293932 10.791193
1.249581 10.823671
1.215503 10.173050
1.243943 11.241732
1.333131 11.090404
1.326423 10.400287
1.138588 9.185426
1.265325 10.837842
1.207431 10.023748
1.286544 10.076396
1.226000 10.222983
1.285383 10.738097
1.198942 10.873154
1.094409 10.185480
1.135404 10.346242
1.328547 10.759878
1.166621 11.830988
1.182478 10.625116
1.271342 10.846230
1.317909 10.963565
1.146783 9.635141
1.227359 10.493269
1.290197 11.933092
1.302629 10.996279
1.271099 12.892524
1.232799 12.743992
1.257608 10.743723
1.236523 9.962721
1.336869 10.875332
1.210175 10.768159
1.353703 11.306572
1.218375 11.717832
1.226756 9.591646
1.278062 10.833891
1.121053 10.018990
1.271647 13.577724
1.156341 10.921452
1.218293 10.854275
1.341236 12.141978
1.344809 13.336294
1.286484 10.884829
1.232699 10.293816
1.295316 10.304154
1.293597 11.929999
1.146242 10.155875
1.147177 10.984153
1.243435 10.271444
1.236913 9.399220
1.318082 12.574807
1.355076 10.187552
1.181878 10.907566
1.318549 12.919788
1.214296 11.100691
1.164266 10.136657
1.247461 12.231447
1.247919 11.157635
1.231781 11.010181
1.302176 10.491529
1.168066 10.933455
1.258710 13.344765
1.321587 12.964515
1.276317 11.226873
1.281697 11.131333
1.259270 10.726435
1.191704 10.981353
1.167800 9.487761
1.138483 9.870787
1.281408 10.998565
1.235979 10.134169
1.226682 10.905014
1.234183 10.008869
1.285366 9.942520
1.275498 11.122817
1.268520 9.604799
1.236525 11.706693
1.191720 10.186248
1.248507 9.751463
1.208781 9.630580
1.327815 10.620038
1.314776 9.944321
1.199583 11.869934
1.136536 9.250861
1.213386 9.571165
1.233165 9.624752
1.227810 12.480228
1.283537 9.454950
1.266654 11.259267
1.271279 10.316518
1.185327 9.840619
1.159934 9.766190
1.126339 8.505152
1.327023 12.780236
1.301426 12.615218
1.178506 10.596602
1.318224 11.126641
1.188784 9.820273
1.162762 12.277810
1.193428 10.016278
1.189436 10.213500
1.214361 11.134554
1.188581 12.648061
1.117025 9.505136
1.234943 11.033260
1.295763 10.401585
1.246090 8.235415
1.209098 10.193917
1.202527 11.700856
1.222257 11.047252
1.211257 10.386303
1.187205 12.375770
1.199705 8.193102
1.352074 12.213978
1.285555 11.159088
1.195932 10.628121
1.202344 10.908388
1.354270 12.865379
1.273120 10.844980
1.282639 11.872549
1.169404 10.477069
1.282190 9.604853
1.314351 11.392088
1.302948 11.552696
1.347988 12.604356
1.127078 10.412782
1.300101 10.593657
1.335078 10.937245
1.280931 11.004314
1.213942 10.490626
1.331521 10.928748
1.349033 10.371646
1.220393 10.053894
1.299856 10.777561
1.235835 10.100399
1.325502 11.936971
1.298574 11.980467
1.274340 12.691768
1.167166 10.529632
1.219749 10.387668
1.188535 10.402214
1.176232 9.041233
1.186452 10.150709
1.171495 10.403222
1.154888 10.613314
1.135789 10.132558
1.227415 9.574553
1.206181 12.076063
1.299188 9.755540
1.266733 12.616724
1.121973 9.847598
1.254005 10.058742
1.298055 8.888063
1.306593 10.541851
1.256224 11.069226
1.294367 12.423617
1.358361 10.101859
1.305887 10.859819
1.309644 10.981542
1.252481 13.382146
1.354409 10.251880
1.319198 10.911153
1.254382 10.635119
1.249324 12.375235
1.177425 10.688542
1.216106 9.365260
1.338665 12.202517
1.285918 10.476729
1.193255 9.346030
1.314125 12.769621
1.280255 10.861095
1.320423 11.032986
1.271243 11.366429
1.136406 10.140020
1.298520 10.477175
1.249179 9.050993
1.161993 11.087046
1.157769 11.004297
1.186165 12.219155
1.284167 11.927861
1.224453 10.636701
1.174992 9.747029
1.295305 10.902237
1.350248 9.475346
1.291298 10.911157
1.277110 10.267186
1.244605 11.454963
1.293834 11.243234
1.233161 12.366626
1.199881 9.839696
1.170189 10.206068
1.280270 11.589072
1.160332 10.372550
1.197633 10.564902
1.195582 9.727061
1.126683 10.291008
1.176009 10.523692
1.160853 8.858689
1.194419 9.712352
1.133660 9.664949
1.248539 10.383502
1.249946 10.297645
1.188413 11.728604
1.136337 11.486532
1.177187 10.162703
1.183770 9.554596
1.249625 11.019506
1.243122 12.557168
1.205770 10.668765
1.122602 10.791010
1.320854 10.760032
1.124753 9.828814
1.141598 10.877059
1.311044 9.254260
1.319745 10.894933
1.238277 12.625708
1.097472 11.189521
1.217998 10.468158
1.160053 10.185217
1.251717 11.937928
1.281262 10.462609
1.188860 10.691257
1.192060 10.829737
1.248551 10.566020
1.145383 8.859324
1.099568 10.826651
1.106705 9.995627
1.219296 9.894314
1.223961 11.045594
1.272919 10.326028
1.209650 11.895718
1.352653 11.337114
1.226235 10.326774
1.205175 10.959761
1.352465 11.629937
1.238658 9.904299
1.357330 10.613750
1.347885 10.078601
1.224185 10.706123
1.259241 10.988800
1.066148 9.179485
1.139398 9.301099
1.312650 10.318349
1.333730 10.382258
1.287440 10.314790
1.150330 10.913283
1.294662 11.519984
1.238262 9.476768
1.350516 12.852589
1.291002 10.851718
1.248638 11.973392
1.224654 10.481609
1.354842 10.497822
1.065713 9.745956
1.286301 9.640371
1.206357 10.370285
1.258959 11.788563
1.243629 12.081548
1.108976 10.617336
1.201782 10.337594
1.162380 10.976304
1.172215 11.338203
1.349879 12.238569
1.186106 9.529997
1.220359 11.290783
1.319193 13.667345
1.249891 12.420992
1.230186 11.080679
1.257385 11.376465
1.102083 10.046400
1.287434 10.184745
1.284018 12.757298
1.347417 9.459922
1.250600 12.035061
1.349902 11.069959
1.304214 10.433767
1.136418 10.914468
1.226346 12.352941
1.299162 10.271419
1.196236 10.160387
1.244116 8.603487
1.337990 9.660068
1.253517 10.409735
1.269946 10.280133
1.241958 9.174533
1.117411 7.348379
1.188989 10.163514
1.198255 9.702962
1.305129 12.376642
1.241272 9.111561
1.196039 11.330771
1.217200 11.337590
1.244097 11.723552
1.245653 10.085288
1.318598 11.376926
1.314179 10.750054
1.217204 12.763633
1.330493 9.729252
1.292030 10.481287
1.159628 10.997965
1.335724 11.088376
1.353010 10.247245
1.281334 11.112549
1.194731 10.870690
1.360636 10.809508
1.319598 11.113726
1.188222 11.742953
1.174393 9.383427
1.309369 9.869113
1.331149 10.511273
1.197996 10.413052
1.165712 9.130855
1.252421 11.653687
1.184298 10.203703
1.223874 11.291235
1.283256 10.950547
1.202247 10.423649
1.178855 9.633253
1.317742 10.355852
1.210716 10.280197
1.230608 9.866386
1.179574 11.028985
1.265016 11.721207
1.243807 11.488141
1.281453 10.958232
1.250464 12.334991
1.297537 12.072235
1.272369 13.189948
1.191580 9.586693
1.215381 11.095653
1.174308 10.197231
1.184649 11.228571
1.122063 9.771335
1.275847 10.961172
1.237703 11.356201
1.223498 9.807546
1.144483 9.508556
1.195535 10.289762
1.332406 10.255288
1.289658 11.295866
1.260889 10.781219
1.288302 10.970974
1.166296 8.996509
1.283365 12.791048
1.222892 11.406195
1.195930 12.359394
1.199732 12.004470
1.265213 10.049893
1.172711 10.761884
1.313305 12.380386
1.161954 9.117137
1.273368 11.233282
1.328977 10.362873
1.183622 9.913934
1.233599 10.807348
1.172847 10.570211
1.268171 11.151090
1.360173 10.453278
1.227045 10.529479
1.181082 11.315298
1.159111 9.055217
1.256845 9.798223
1.152863 10.064251
1.257951 10.799369
1.341276 13.544521
1.263935 12.635252
1.286963 10.238889
1.155515 12.509811
1.251063 11.132027
1.191433 10.737742
1.158251 8.904492
1.319271 12.653512
1.281811 10.397530
1.199996 11.004941
1.215191 8.302329
1.115753 9.164621
1.220702 8.505414
1.125599 11.822344
1.304972 10.151931
1.208354 9.874990
1.325146 10.791689
1.287121 11.353684
1.360617 10.883564
1.202462 11.351999
1.263455 11.777785
1.303936 11.091681
1.292713 10.782463
1.311811 9.956529
1.124787 10.787799
1.224727 10.606323
1.293502 10.801389
1.200610 11.345885
1.301936 9.934893
1.356270 10.401372
1.143736 11.089363
1.285769 12.060235
1.248546 10.727640
1.316465 11.996716
1.324844 10.777218
1.251867 10.602952
1.220142 10.226392
1.219171 9.751622
1.196342 10.549766
1.183890 10.029816
1.217923 10.415436
1.219398 12.610955
1.228237 11.699082
1.197895 10.068599
1.165460 9.760810
1.148105 10.176965
1.177376 11.251172
1.246230 10.469627
1.240560 7.527824
1.175826 10.412494
1.172583 10.300729
1.134888 10.268338
1.124176 10.355383
1.244139 10.756627
1.129154 9.744319
1.143371 10.785071
1.244399 11.334352
1.188165 10.220955
1.268681 10.290488
1.235686 10.017168
1.200007 11.169770
1.286434 11.144065
1.211283 12.921932
1.164735 11.323587
1.354021 12.069139
1.250293 10.367006
1.140149 11.140232
1.140952 9.723404
1.210843 10.345142
1.196865 11.299709
1.260798 12.837845
1.208788 13.137671
1.166102 9.606153
1.324377 11.721484
1.173315 10.476716
1.342935 12.806712
1.213009 10.385798
1.200658 10.572470
1.166982 10.271655
1.160666 10.697127
1.258680 8.952317
1.179404 9.823578
1.277030 12.753232
1.102519 9.155398
1.300485 12.173264
1.169543 10.275121
1.166419 9.001345
1.186586 11.171179
1.225546 11.885500
1.303113 11.129464
1.305694 9.951493
1.289718 10.961354
1.291083 10.299278
1.232807 11.777402
1.271671 11.829735
1.273000 8.603302
1.205142 10.196881
1.218901 10.216419
1.186804 11.074174
1.347507 10.139090
1.353136 12.600600
1.191712 10.302926
1.182587 10.912095
1.203848 10.493872
1.198984 12.071101
1.242354 10.299153
1.315597 13.103333
1.188331 12.656709
1.178246 11.081128
1.155452 9.773678
1.270377 10.808468
1.282395 12.578637
1.219570 10.638630
1.177555 11.783525
1.347730 10.147921
1.302951 10.298116
1.355222 10.408871
1.227865 12.368841
1.184190 9.961195
1.208484 10.910293
1.207887 9.600944
1.179349 11.508988
1.193530 11.050989
1.345389 10.466176
1.271544 11.718905
1.201889 9.138101
1.277984 9.199833
1.195575 10.050706
1.251194 10.591860
1.251336 12.770825
1.254607 9.785751
1.355598 11.586235
1.240508 9.828557
1.156153 10.255392
1.196266 12.020836
1.157026 9.557622
1.156882 9.986729
1.282572 11.438909
1.342389 10.996309
1.154317 11.164040
1.156020 10.603636
1.347621 11.976408
1.223910 12.121179
1.343287 11.597261
1.333028 13.422073
1.293591 12.908516
1.268201 8.463892
1.284455 12.028043
1.220892 12.468047
1.315690 10.347800
1.252055 10.300693
1.219788 8.998016
1.188422 10.351691
1.263891 11.604076
1.277715 11.153549
1.164754 10.518641
1.195831 10.338590
1.266469 11.778125
1.300655 9.716594
1.199131 9.461226
1.251758 11.908084
1.163864 11.764471
1.325389 10.778862
1.090734 9.464648
1.101157 9.644569
1.130960 10.217523
1.304466 12.410715
1.352017 11.154153
1.259815 12.732743
1.277410 11.146480
1.276322 9.650401
1.148152 8.670713
1.243731 11.141097
1.239122 12.572152
1.295482 12.929475
1.256731 10.816253
1.218957 10.660539
1.158203 10.385907
1.181890 11.388061
1.334576 11.143649
1.290791 10.478749
1.212154 11.307124
1.172456 8.745071
1.209032 10.457237
1.250890 9.374555
1.172156 10.028712
1.350946 10.653016
1.233360 10.594876
1.247376 12.020969
1.328879 12.759616
1.197536 11.030913
1.260712 10.787378
1.280998 9.712724
1.238742 10.491630
1.135125 9.892773
1.288482 12.769293
1.167327 11.022572
1.224109 9.022043
1.269538 9.923113
1.156112 10.392534
1.278179 12.728794
1.241375 10.614862
1.172844 10.013549
1.277588 10.960650
1.097600 10.007365
1.269261 13.185038
1.170046 9.930265
1.318437 12.250104
1.320221 10.930246
1.203510 9.598714
1.201494 10.320796
1.246631 12.559164
1.258319 11.359887
1.224430 9.866295
1.258682 13.089999
1.321767 10.829424
1.258471 11.535952
1.282243 12.266864
1.165295 12.805075
1.189319 9.397955
1.165229 12.294992
1.181374 10.262955
1.299078 9.641302
1.264074 12.390960
1.232189 11.581479
1.324848 9.716550
1.175133 9.685902
1.194497 13.212411
1.200797 11.569491
1.293013 10.554884
1.218038 12.827242
1.204381 10.392140
1.210045 10.170637
1.270472 10.167733
1.104698 11.224125
1.286966 10.535858
1.341932 10.925465
1.327516 10.949404
1.307985 12.080107
1.330911 10.491440
1.244635 9.770305
1.356594 10.965812
1.274591 10.683767
1.160790 10.453061
1.335060 10.528415
1.135529 12.325805
1.205122 9.935175
1.284722 10.910877
1.235694 11.925247
1.331253 11.224372
1.238383 10.234746
1.348400 13.195079
1.246993 10.216041
1.244657 9.863227
1.198336 9.035131
1.234640 11.251502
1.217540 9.640704
1.188706 11.306312
1.247205 10.669430
1.234753 10.233718
1.179643 10.522973
1.203246 10.017606
1.164138 12.459173
1.326999 12.069512
1.325764 10.896361
1.343959 10.682034
1.292301 12.162315
1.199129 10.215441
1.242005 10.841449
1.201840 11.172287
1.160687 9.687919
1.250420 12.503412
1.324891 10.102012
1.342047 9.037099
1.237313 10.674073
1.279578 10.569837
1.196941 12.307750
1.110755 11.303000
1.088802 10.715811
1.270649 10.701695
1.347540 11.465482
1.337373 10.763595
1.235829 12.634396
1.298773 12.053163
1.220128 11.452128
1.184586 10.075280
1.313288 10.006321
1.325508 10.939594
1.227998 11.335394
1.264449 12.569764
1.307859 13.201211
1.314372 10.908874
1.221561 9.321993
1.180630 10.542778
1.179243 12.990621
1.333389 12.127317
1.314786 10.651570
1.332663 11.224373
1.211898 11.305425
1.277155 8.710965
1.179716 12.524817
1.270501 12.301962
1.306174 10.217633
1.307302 12.503829
1.293478 11.890035
1.156994 10.401176
1.226495 12.936608
1.258689 13.205805
1.351525 12.249787
1.296049 10.341194
1.269785 10.293791
1.337469 12.670618
1.310033 11.016910
1.334567 10.736556
1.194842 9.179891
1.140473 9.930827
1.115522 8.739474
1.242475 9.380117
1.132613 10.286803
1.192560 11.774939
1.205339 12.295738
1.326236 9.023787
1.290006 10.078717
1.351915 13.537550
1.235659 12.834750
1.202625 9.561826
1.207754 9.868960
1.151892 9.070607
1.172070 11.046335
1.208897 10.965339
1.201696 10.633186
1.121305 9.893865
1.215502 11.445991
1.125112 10.406287
1.324460 10.743113
1.233352 11.983872
1.199462 11.224173
1.133167 10.748540
1.261604 9.868373
1.223668 11.652526
1.340029 9.918265
1.137972 9.957425
1.238749 11.011631
1.249354 10.351792
1.204127 8.929232
1.152652 10.409912
1.291041 13.380055
1.284013 10.615508
1.270252 10.712632
1.141166 10.862816
1.309129 11.564044
1.298987 10.635250
1.320559 11.022924
1.305109 10.123163
1.258445 10.221717
1.301223 11.804757
1.228028 9.908719
1.135627 10.472709
1.196433 10.783036
1.260951 10.032691
1.240454 11.430326
1.241634 12.108003
1.273723 12.624379
1.187208 12.843575
1.277282 10.466026
1.288681 11.194431
1.245019 12.558767
1.242215 10.446446
1.246298 9.651055
1.262733 12.210027
1.256217 9.721107
1.244120 11.364225
1.283876 11.162619
1.164697 9.769849
1.282994 10.379359
1.207997 9.966289
1.277127 11.005294
1.343493 10.300503
1.307520 10.371344
1.331128 11.288503
1.258439 9.598297
1.307243 10.849329
1.291084 11.353512
1.311012 10.707575
1.163530 11.318331
1.203101 11.182076
1.218117 9.989440
1.257277 11.051850
1.201029 12.030108
1.303200 11.012013
1.255109 10.471348
1.084057 10.161334
1.173885 10.346060
1.120594 9.120830
1.236194 12.232394
1.146888 10.532987
1.196604 12.068552
1.294859 13.053871
1.269962 12.636579
1.169406 10.648548
1.142905 10.462745
1.322617 13.058911
1.357079 11.659312
1.313150 10.859286
1.286867 10.821702
1.271659 10.261363
1.260171 11.025894
1.254813 10.291647
1.299443 10.959054
1.133548 11.722515
1.227036 8.240635
1.285418 10.915790
1.353112 10.946463
1.223229 11.576385
1.330189 9.893945
1.159379 9.270455
1.303204 12.334470
1.215914 12.765541
1.261616 9.863907
1.291355 10.163840
1.173666 11.955239
1.326644 11.420256
1.308360 12.526626
1.297596 11.159189
1.311567 13.368473
1.207446 9.919634
1.320538 10.858008
1.271927 10.877882
1.327081 12.724636
1.141204 10.907926
1.315886 10.361994
1.351722 10.653892
1.331390 12.339355
1.154561 10.011689
1.097287 9.989688
1.205019 9.472841
1.283761 12.470982
1.327498 9.560008
1.237080 11.450443
1.279326 10.615636
1.264774 11.750768
1.281435 12.001323
1.153492 9.746250
1.221258 10.803717
1.152620 10.541839
1.211374 10.699070
1.178457 10.139572
1.249284 9.954976
1.228681 10.153306
1.319942 10.753875
1.249470 10.931540
1.341456 10.609980
1.326753 10.540900
1.163187 8.870015
1.115616 10.414903
1.222786 11.141502
1.098414 9.266204
1.297783 10.933027
1.329542 12.357963
1.187624 9.128907
1.271429 10.386214
1.199896 13.057016
1.321049 10.206813
1.181794 10.767602
1.321015 10.408814
1.240908 10.518618
1.255768 12.174072
1.149121 11.376144
1.316976 12.940175
1.285071 11.030577
1.252045 9.138554
1.212681 10.028507
1.244646 11.298816
1.198163 12.032519
1.343092 12.713286
1.213709 10.548356
1.177240 10.249983
1.236692 10.652503
1.303179 12.790280
1.228675 12.281533
1.119782 10.325485
1.249578 11.946734
1.139425 9.275177
1.158503 10.299667
1.230845 10.137171
1.322391 10.293614
1.341741 11.949827
1.324752 12.414192
1.315292 13.199961
1.256640 8.120472
1.187399 11.398539
1.264608 9.146655
1.249124 10.917853
1.155323 11.086533
1.187954 10.576322
1.299272 11.179192
1.166814 9.739975
1.314056 10.937765
1.201009 10.654200
1.156261 10.520528
1.137455 9.518562
1.239575 10.607689
1.259524 11.420865
1.232496 10.704083
1.308881 12.268224
1.188744 11.007308
1.185079 10.424811
1.190653 11.248607
1.316833 10.369871
1.336068 11.246829
1.180394 10.555009
1.205288 9.965315
1.284614 12.345865
1.189609 10.140390
1.141006 10.627957
1.266801 12.782200
1.164126 10.662152
1.336601 10.916844
1.182317 9.860547
1.315478 10.764373
1.241756 12.252507
1.264029 11.179807
1.214927 10.232957
1.184175 10.080511
1.356547 9.937925
1.163447 13.030607
1.221416 12.532056
1.223491 8.566092
1.331637 10.906624
1.191455 9.202518
1.184197 10.462797
1.351077 11.992124
1.096840 8.777105
1.299673 12.588230
1.200071 10.476793
1.288013 13.311092
1.230425 11.874664
1.267922 12.437748
1.208282 12.308204
1.321571 11.209663
1.214760 12.302798
1.245670 11.325237
1.316939 10.467834
1.169474 10.222017
1.270504 11.000958
1.294371 10.715630
1.231297 9.283253
1.291889 12.575371
1.180848 10.075946
1.124475 8.493540
1.271197 9.444703
1.216553 11.632905
1.254049 9.599039
1.134107 13.058361
1.333173 11.304928
1.305995 12.761370
1.214954 10.662675
1.336270 10.910807
1.284289 11.906962
1.263183 10.831907
1.236077 11.070275
1.241677 9.583914
1.172223 9.682565
1.211754 10.032410
1.255823 13.195862
1.239405 9.259649
1.311086 11.062253
1.227842 10.357538
1.194984 10.396854
1.301269 11.099307
1.302116 11.777139
1.319432 10.528792
1.214781 13.018834
1.357663 11.389339
1.324317 11.393475
1.339701 10.921516
1.243817 10.366638
1.255552 9.304422
1.291398 12.381377
1.200099 11.675453
1.114705 11.385809
1.226572 12.586307
1.336191 12.094771
1.180528 11.322177
1.343826 10.433672
1.198918 10.839319
1.203368 10.549304
1.182216 8.167635
1.249613 9.692819
1.162453 11.394008
1.118759 10.581326
1.235487 9.696698
1.251807 10.406807
1.287866 12.478208
1.271681 12.531859
1.221785 11.018897
1.275883 11.261645
1.144259 11.360465
1.178152 10.804706
1.196131 10.271296
1.162957 9.339170
1.150108 9.755583
1.222269 10.372421
1.348078 9.857346
1.186709 11.336731
1.182395 11.962449
1.212113 12.594298
1.138007 10.748577
1.327486 10.854231
1.228387 10.928326
1.232965 10.735853
1.272770 11.150984
1.191187 10.821386
1.314188 11.542443
1.190656 9.045694
1.258393 11.856750
1.208235 10.700764
1.157375 10.988539
1.153120 10.851701
1.140962 10.530339
1.156243 11.118839
1.234974 10.388504
1.222834 8.277742
1.294859 11.030465
1.218337 12.150970
1.314987 10.648417
1.291779 10.237737
1.124639 12.898166
1.320574 12.379976
1.340641 10.570064
1.276274 11.145676
1.299197 10.628982
1.307081 11.413774
1.234676 10.242102
1.221781 10.442206
1.211313 11.159542
1.211691 11.684000
1.291888 12.899686
1.288429 12.250669
1.220492 10.324578
1.175925 8.715126
1.297238 11.136154
1.360336 10.318380
1.285215 12.262155
1.317782 13.540118
1.336609 12.122108
1.172428 10.564559
1.148331 6.995912
1.312231 13.191510
1.280485 13.933973
1.351106 10.740823
1.329962 11.232251
1.290062 11.509334
1.303705 10.133630
1.341772 13.309370
1.273062 11.912561
1.173256 10.891399
1.321657 10.142727
1.242096 9.803502
1.345078 7.952688
1.234143 10.896653
1.184911 12.159400
1.337814 12.977158
1.261528 10.389889
1.209301 10.138894
1.238722 10.881901
1.178374 9.078298
1.228512 10.717988
1.326045 10.442074
1.345162 10.571498
1.311051 9.936370
1.292323 10.551015
1.268819 11.033096
1.330160 10.682159
1.094269 11.962237
1.257137 9.202460
1.351612 11.025666
1.341505 11.055136
1.349129 10.591552
1.303685 9.997649
1.107920 12.131031
1.153940 12.144894
1.124406 12.831445
1.147836 9.949896
1.230746 10.029175
1.157216 11.852994
1.190786 10.320460
1.355197 10.821623
1.151397 9.852160
1.344629 12.368508
1.283353 10.084450
1.268169 9.948510
1.230385 12.801796
1.323353 12.741593
1.278527 11.020954
1.263490 10.633807
1.139851 10.639047
1.240339 10.749970
1.220693 11.434780
1.230885 9.995171
1.208861 10.671494
1.255713 10.130885
1.224509 11.209866
1.171847 10.610512
1.169073 10.466095
1.176410 9.833217
1.150404 9.867097
1.191493 11.006859
1.218712 10.221218
1.217675 9.809807
1.238570 9.778886
1.273906 10.432462
1.358163 11.424253
1.234524 9.775552
1.204716 11.403017
1.330897 9.947196
1.358889 12.454222
1.259557 12.216071
1.302198 11.206365
1.141912 10.923069
1.330919 11.714502
1.108378 9.798310
1.179149 10.842906
1.177934 10.086741
1.236030 10.409833
1.310318 10.871445
1.316803 9.058776
1.185814 10.599054
1.340943 10.691550
1.154955 10.358661
1.223964 12.166514
1.205801 10.910985
1.166223 10.856871
1.314206 10.399928
1.150983 10.400641
1.265494 12.090188
1.321219 11.112216
1.174897 10.461974
1.122081 10.569681
1.249924 10.405627
1.293275 12.392716
1.331935 11.988444
1.337841 12.523048
1.175032 10.970303
1.196144 10.227719
1.347778 10.210350
1.162699 12.488161
1.232095 13.253360
1.339370 10.870964
1.324073 12.420203
1.245782 9.829105
1.299267 11.689660
1.194423 10.443578
1.200188 10.282156
1.231652 10.620178
1.224190 10.359329
1.234393 12.256212
1.232136 10.915464
1.312610 10.798100
1.356331 10.855862
1.200044 10.543776
1.144651 10.418991
1.145198 9.789493
1.161114 11.337964
1.247376 10.563591
1.311318 12.444023
1.278353 12.548917
1.300016 10.628527
1.304205 10.531919
1.272423 10.084036
1.327732 10.626479
1.300287 9.687482
1.247627 10.864478
1.248278 11.194290
1.315032 13.195765
1.092454 11.508244
1.190306 10.553619
1.212785 9.232139
1.179928 8.783067
1.229494 12.198801
1.233970 12.697872
1.317251 11.105196
1.329158 12.862201
1.231589 11.828521
1.238565 10.125822
1.288895 11.552661
1.347220 11.144952
1.291226 10.343951
1.267061 10.957927
1.265648 11.078759
1.243839 10.748731
1.163895 8.384341
1.305651 9.883748
1.266874 11.153259
1.237763 10.319608
1.348436 13.436186
1.144059 11.247241
1.170571 12.071705
1.130416 10.191227
1.147000 11.103651
1.299047 10.861120
1.327926 11.818447
1.185411 10.379994
1.106576 10.320802
1.254719 11.236455
1.290552 13.119943
1.293646 12.014609
1.114147 8.748385
1.269846 9.833786
1.312197 12.355051
1.268742 11.043996
1.225786 10.348027
1.197404 12.347420
1.272399 11.659332
1.194924 9.836676
1.301928 9.087179
1.204328 11.051629
1.227200 10.729909
1.117112 9.796059
1.092285 10.844530
1.168120 10.630768
1.161300 9.153522
1.192834 10.786423
1.167747 11.499707
1.159772 11.791379
1.338020 12.225804
1.346957 10.470132
1.125572 10.660182
1.168464 10.386434
1.152804 9.707408
1.139873 10.361402
1.197686 10.207063
1.222596 11.612799
1.188711 9.603557
1.287767 11.753548
1.238404 12.503843
1.240359 9.555547
1.304490 12.930625
1.311477 10.685313
1.345452 10.762932
1.313999 12.328489
1.305755 9.612352
1.312851 12.697388
1.143464 9.799953
1.136504 10.462403
1.321967 10.909333
1.354455 10.360951
1.280523 10.773714
1.330170 9.941424
1.228869 10.743670
1.302744 10.895572
1.140516 9.071976
1.225936 11.874718
1.277507 12.758567
1.192596 10.539009
1.274727 12.943940
1.267300 10.027352
1.323308 10.167784
1.357762 10.833244
1.292323 13.414421
1.212788 10.439240
1.130265 11.899128
1.271474 11.410304
1.224300 11.476340
1.268458 12.443868
1.262557 10.971707
1.245815 10.826176
1.255998 8.844231
1.207903 11.383856
1.195431 11.264453
1.245608 11.609067
1.317219 11.559708
1.295916 10.675179
1.342501 11.609252
1.352402 7.628495
1.191408 10.384347
1.268535 11.772421
1.175732 9.373705
1.295948 11.238294
1.250987 11.712988
1.269568 10.032803
1.234722 11.064096
1.262984 12.663634
1.150851 10.944246
1.333243 13.319491
1.126957 10.765908
1.318129 12.695905
1.214171 11.888593
1.243615 10.448834
1.228457 10.346609
1.192655 10.703359
1.162244 8.723876
1.300681 10.165554
1.202308 9.768744
1.144965 10.565623
1.167586 10.649342
1.286153 11.508518
1.208972 10.210569
1.284532 9.347393
1.207616 10.412020
1.247519 10.871854
1.169013 11.997812
1.295009 13.085346
1.172092 10.863902
1.216401 10.899084
1.202195 12.171291
1.182018 10.680678
1.351941 11.842842
1.269781 10.238009
1.270766 12.731907
1.211881 11.728067
1.137514 10.518614
1.172928 9.722035
1.195449 9.452201
1.264957 9.890279
1.358631 10.630164
1.278791 10.693793
1.129297 9.743877
1.274380 11.377751
1.337554 9.719826
1.235071 11.323540
1.150747 10.042672
1.206960 11.445045
1.152876 10.125160
1.305624 10.534698
1.182114 10.284593
1.260480 11.336592
1.360529 9.862057
1.214945 11.150922
1.342120 12.351610
1.288350 12.459439
1.295868 13.824525
1.167053 12.574230
1.274897 10.652113
1.253472 11.802019
1.345916 10.515043
1.249865 11.667853
1.303925 12.881274
1.339866 10.120986
1.170905 11.198716
1.225203 9.509847
1.283215 11.844682
1.200766 10.794273
1.205955 9.042135
1.273822 10.818718
1.327432 11.963567
1.120320 11.645433
1.250401 11.140279
1.306956 12.961807
1.228012 12.681148
1.230096 9.848247
1.327891 10.324454
1.305496 13.443022
1.155025 10.929418
1.314322 11.245293
1.116114 10.563881
1.316841 11.276931
1.343604 10.220779
1.315018 11.429050
1.185095 8.158896
1.198680 10.760215
1.304148 10.623257
1.336934 10.818939
1.327761 11.245162
1.361069 11.381632
1.262942 10.783948
1.323191 11.247316
1.347151 11.620033
1.358400 10.853161
1.264772 11.391359
1.218186 10.492733
1.213781 10.637348
1.256631 11.705362
1.286421 10.484678
1.205991 10.870108
1.204889 11.702934
1.252455 11.212159
1.299553 11.432042
1.332403 11.727699
1.197613 10.740782
1.315119 12.650260
1.263130 9.888819
1.174197 10.618132
1.177509 9.694069
1.341998 12.526035
1.260020 10.205968
1.220858 10.652613
1.171316 9.379000
1.266612 9.659726
1.181786 10.766920
1.207938 10.090965
1.221150 11.472905
1.327262 12.333309
1.335903 12.520297
1.203312 9.553257
1.236053 10.799354
1.281576 10.566777
1.223078 12.020250
1.291377 11.519488
1.282383 10.941309
1.304526 10.435509
1.283737 10.423453
1.173213 9.426401
1.284976 9.894496
1.246842 10.025426
1.352921 10.486670
1.252462 12.723992
1.172942 11.775815
1.241750 8.792384
1.314347 9.523398
1.262492 10.445981
1.238728 10.538321
1.109859 10.082292
1.186244 12.707978
1.238314 10.472645
1.243552 9.946546
1.205620 12.395927
1.224292 8.644796
1.194420 10.774253
1.327131 9.422390
1.123088 10.444283
1.148691 10.356499
1.222909 11.332006
1.330374 10.729606
1.127562 9.604843
1.116116 11.183839
1.228022 10.786155
1.153638 10.139486
1.193303 11.985421
1.283111 11.211105
1.355333 12.508945
1.325019 10.859023
1.155439 12.161637
1.314240 13.180588
1.232375 10.736781
1.145143 10.078522
1.274323 10.598623
1.188776 9.768259
1.255908 13.053975
1.340843 10.403242
1.276775 10.579802
1.180342 10.065027
1.315766 11.001698
1.215112 12.148546
1.238139 11.232152
1.218056 11.432084
1.322664 11.615841
1.148223 10.039104
1.133598 11.529653
1.330107 9.468910
1.247191 7.872725
1.203846 12.050767
1.199498 10.914982
1.140115 10.322065
1.125041 9.666893
1.286863 10.496238
1.251199 9.571342
1.211239 13.338295
1.218998 11.257859
1.270525 12.535835
1.182037 12.740568
1.241972 10.234908
1.324035 10.813070
1.285785 10.784554
1.228639 10.334355
1.225508 10.823276
1.286022 11.998056
1.230700 11.623929
1.324110 10.516269
1.225164 10.988283
1.289221 12.430879
1.242130 10.787127
1.224378 9.435957
1.280230 11.790785
1.345730 11.751504
1.182425 9.536248
1.325560 13.015726
1.308535 10.786630
1.286439 9.059818
1.358935 14.962737
1.179921 9.744378
1.213539 12.463349
1.211493 10.453504
1.314985 11.764821
1.150777 10.096377
1.133650 10.907280
1.351772 10.178596
1.347094 10.000067
1.260426 10.474718
1.245693 11.350360
1.345320 10.860310
1.330749 10.817298
1.288324 10.362149
1.307739 11.425889
1.293973 9.859267
1.229204 11.109277
1.307722 10.638902
1.350643 11.164214
1.160197 12.700288
1.154015 12.240023
1.294853 12.618093
1.200747 9.836277
1.148838 9.757917
1.350012 12.045285
1.354230 12.074459
1.350114 10.867153
1.291004 10.860561
1.294770 10.553448
1.287474 10.978183
1.087871 8.139128
1.336561 12.714925
1.257263 12.725033
1.244527 11.073331
1.252816 11.213073
1.204421 9.625233
1.172289 11.662987
1.298799 10.045660
1.141198 10.987118
1.199354 11.049122
1.196676 10.172097
1.231069 9.998243
1.196694 10.617036
1.246583 10.926553
1.175885 10.234750
1.158653 9.039056
1.239717 9.851343
1.235282 8.943459
1.343833 13.346812
1.349414 10.960700
1.254882 10.952883
1.274445 12.346298
1.353862 12.995713
1.328986 10.332302
1.300288 9.669529
1.218770 12.464424
1.286088 12.661035
1.195762 10.541741
1.197506 10.013774
1.201685 13.097643
1.257992 9.249100
1.193726 10.542784
1.177001 10.328065
1.206840 11.185796
1.280881 11.140629
1.298447 11.682318
1.157779 9.467505
1.207853 10.013740
1.342845 10.967360
1.299083 10.733778
1.320049 10.908019
1.256631 10.325554
1.204215 9.352305
1.237344 9.890732
1.340406 12.595383
1.273089 10.554117
1.305629 10.704071
1.271742 9.945622
1.314564 11.504256
1.178440 12.729930
1.293346 10.778989
1.121170 9.396972
1.152257 10.771817
1.162800 10.259110
1.103981 9.824318
1.232381 10.090230
1.194130 9.601939
1.089180 8.951831
1.166141 11.261165
1.091441 11.440202
1.229823 10.949849
1.152067 10.150806
1.235800 10.526856
1.210540 9.941092
1.331199 11.227498
1.169333 10.558087
1.088165 9.974630
1.198094 10.396056
1.175197 9.347273
1.206617 10.748746
1.197525 10.135506
1.147261 8.597504
1.101124 11.282706
1.295391 12.097643
1.257480 12.210141
1.087736 11.387050
1.280419 12.805444
1.179971 11.321974
1.237494 12.218329
1.179005 9.580968
1.268286 11.317063
1.240088 12.737260
1.161036 10.280178
1.132559 11.155440
1.221083 10.679332
1.194648 9.722447
1.206551 9.544346
1.350909 13.315544
1.176256 11.261736
1.148726 10.366483
1.221024 8.970710
1.322789 10.571073
1.319377 11.297889
1.246148 11.640052
1.220146 10.196868
1.156106 9.735503
1.125405 11.099888
1.246422 10.702322
1.236204 11.022297
1.346566 13.245333
1.323281 11.259894
1.330289 10.475400
1.310551 10.121418
1.210732 10.915303
1.239575 11.224675
1.292538 10.827996
1.274899 10.399715
1.182683 10.647871
1.325778 10.445077
1.310944 11.545202
1.271088 10.886092
1.192527 11.438589
1.188921 10.166646
1.112235 11.136280
1.278791 12.298987
1.083735 10.252813
1.301576 10.284565
1.299125 11.395441
1.216759 11.122132
1.215556 11.293381
1.303786 10.456237
1.177559 10.585487
1.164901 10.316399
1.260443 12.224943
1.329313 9.482177
1.326491 12.158352
1.175632 9.648241
1.240525 10.597448
1.210414 10.568482
1.272835 10.679158
1.309423 10.549704
1.251808 11.492336
1.097624 10.286878
1.155709 9.282272
1.188728 9.579902
1.180817 10.893409
1.168832 11.803664
1.242374 12.182572
1.320623 10.880023
1.242277 9.688260
1.297812 12.744789
1.083775 8.648885
1.304371 12.673643
1.323048 11.671524
1.259421 10.125157
1.287571 13.334385
1.286589 9.716874
1.197883 10.789480
1.327890 10.431124
1.338727 9.973601
1.151613 10.396354
1.212638 10.306809
1.319805 11.423739
1.268407 10.508183
1.270798 10.554070
1.281171 10.019431
1.190176 10.178566
1.165151 12.266615
1.266904 11.468287
1.310965 12.101733
1.259811 10.720224
1.210838 11.363535
1.220402 10.687846
1.261024 10.365763
1.187311 12.040423
1.288499 10.552187
1.256950 12.664192
1.332392 10.713466
1.353898 12.050593
1.185025 11.706043
1.169395 9.677722
1.356334 11.062851
1.067802 8.890837
1.115867 10.896679
1.329027 9.525459
1.224701 9.918635
1.203014 9.869428
1.130891 9.730518
1.173437 10.663751
1.161533 10.071718
1.224541 10.139544
1.289794 10.430772
1.120058 9.644545
1.253487 10.414686
1.185281 9.790386
1.285469 10.834100
1.184978 10.862439
1.155887 10.270921
1.171435 12.416431
1.185368 10.374513
1.147934 9.078374
1.234994 11.638612
1.168436 9.525085
1.158713 9.776388
1.178339 10.709356
1.166515 10.377921
1.261386 10.686340
1.288490 10.501215
1.179986 9.522452
1.182855 12.008202
1.218523 10.000582
1.306150 13.316379
1.190952 10.394798
1.204609 9.651630
1.292626 11.282064
1.090268 8.585498
1.163262 11.264450
1.187546 11.077816
1.159664 10.651856
1.121709 10.257945
1.230790 9.134508
1.322397 12.742310
1.111594 9.715814
1.272517 10.125329
1.195382 10.680587
1.125336 9.325048
1.097002 10.023540
1.154147 12.939217
1.349251 10.775267
1.346898 10.367807
1.156056 11.974296
1.142951 10.942789
1.329104 11.861860
1.340762 10.556647
1.227497 10.701046
1.089265 10.070973
1.272109 12.751050
1.184174 10.159997
1.155873 9.941175
1.340466 11.326480
1.188581 10.644610
1.256666 13.169792
1.166240 11.179613
1.276102 11.818464
1.284713 10.148933
1.284376 10.279360
1.174559 10.223405
1.172974 9.616584
1.167250 9.927467
1.182476 11.668573
1.157555 10.505462
1.236687 10.667489
1.202716 10.310400
1.237898 9.288740
1.152440 10.458823
1.297801 13.166539
1.085936 10.464595
1.212489 10.168345
1.264379 12.149943
1.204600 10.560218
1.140500 9.574335
1.098804 9.941873
1.189069 10.322172
1.238070 10.457602
1.323480 11.375295
1.325785 13.374978
1.324611 10.351270
1.104945 9.964229
1.247967 12.778580
1.264192 10.211819
1.192999 10.901115
1.155660 11.075559
1.232297 10.156724
1.311039 11.835713
1.171317 12.147194
1.246534 10.108924
1.208365 10.765307
1.102119 9.893605
1.242451 10.238685
1.278477 11.408410
1.225418 9.602285
1.147631 11.790704
1.289509 11.245985
1.212691 9.518291
1.153028 9.499808
1.264961 9.746844
1.277201 11.431910
1.309354 11.004290
1.268194 8.853845
1.223452 12.000809
1.266917 11.119665
1.284007 10.369864
1.205723 10.754900
1.165213 11.059809
1.202149 12.153485
1.167545 11.369934
1.287432 9.865923
1.252650 10.456478
1.338556 12.804404
1.208772 10.633234
1.178117 9.761050
1.138492 10.464968
1.287318 11.400243
1.245061 9.598884
1.281089 10.235650
1.228321 10.171440
1.331402 11.778835
1.286645 10.384747
1.214968 11.890831
1.252798 10.932171
1.271478 12.941956
1.272073 12.432152
1.240834 10.843683
1.203440 9.680529
1.220849 9.957120
1.194805 9.997241
1.203227 10.133364
1.309319 9.721314
1.256567 10.746756
1.259151 12.299232
1.287363 13.110277
1.287112 11.608385
1.204622 10.346206
1.182241 10.491633
1.185487 12.117832
1.199725 11.744742
1.234842 11.118949
1.341110 10.497480
1.250726 10.028812
1.249721 10.228087
1.206088 10.120710
1.179009 11.531834
1.313725 9.625516
1.304138 10.857171
1.261188 11.015192
1.198015 11.337496
1.196403 9.364093
1.134043 10.340381
1.287360 11.183501
1.270864 9.667374
1.270843 12.321098
1.272905 11.620081
1.319070 10.384554
1.327992 11.376417
1.361878 11.510283
1.311548 11.470348
1.204354 8.665746
1.241527 13.104491
1.274976 11.386724
1.165234 10.499959
1.240363 12.343796
1.155513 10.939985
1.158135 10.912429
1.280463 10.502821
1.256602 10.795473
1.276728 12.687645
1.281195 10.434860
1.161074 9.923692
1.269838 9.694534
1.220918 10.446797
1.170156 10.399330
1.280804 12.732909
1.157157 12.388981
1.249035 10.769687
1.259500 10.407780
1.145331 9.440191
1.338692 12.605294
1.205102 9.631899
1.118516 10.331765
1.098457 10.970396
1.130674 12.399672
1.251142 10.572371
1.191655 9.405837
1.180592 11.073170
1.216568 10.255631
1.164941 9.927666
1.186338 10.629538
1.205419 11.229460
1.264243 9.693493
1.262004 11.690170
1.236095 11.451797
1.335996 12.071841
1.172997 10.019236
1.256030 10.935401
1.139368 9.672431
1.202680 8.882047
1.192568 13.143908
1.317416 11.040456
1.225007 12.180493
1.307470 10.567127
1.335506 11.876744
1.144328 10.261731
1.239988 11.716113
1.266975 12.441194
1.224396 11.174693
1.264020 11.284284
1.159913 10.411184
1.247940 7.870565
1.243057 11.087866
1.185804 10.583165
1.194615 11.488600
1.293020 12.094795
1.270477 10.751924
1.248919 10.435055
1.294191 10.249094
1.279728 9.885237
1.322828 10.276559
1.321230 10.938215
1.316934 9.625247
1.291107 13.434368
1.314962 11.138191
1.301199 12.390604
1.270190 11.384701
1.253442 11.484786
1.277214 10.224790
1.339411 12.958677
1.304526 13.042373
1.347297 12.526194
1.244165 13.382838
1.241150 10.301789
1.207421 12.978476
1.239092 12.885238
1.218077 12.077096
1.234257 12.660843
1.133719 10.586873
1.262029 12.716075
1.172504 13.323567
1.177687 13.062062
1.306743 10.220191
1.203135 10.144901
1.240002 10.983128
1.190233 12.689967
1.169066 9.738129
1.198655 13.602466
1.193672 9.920558
1.235764 10.812452
1.226077 7.796971
1.206074 12.538702
1.267072 9.681765
1.272294 10.185063
1.169430 8.528321
1.118570 10.723023
1.198675 10.692093
1.252529 12.517909
1.265306 10.076264
1.330546 10.362929
1.266037 10.755916
1.129584 9.176306
1.187482 8.655999
1.270698 12.068435
1.278166 12.381970
1.237902 10.544099
1.170749 9.189767
1.150754 9.429108
1.275642 12.176182
1.326065 12.489700
1.330512 10.928098
1.339393 10.484207
1.305319 12.831684
1.247645 11.419645
1.183920 12.812113
1.266415 10.015366
1.202049 11.610734
1.207453 9.782356
1.195573 11.020406
1.335657 11.487113
1.342878 12.835286
1.350548 10.149231
1.249274 10.979329
1.213158 11.349931
1.172580 10.859565
1.246732 10.701896
1.347286 10.732812
1.263699 10.980812
1.202113 10.021897
1.227208 10.728863
1.270798 11.012347
1.343296 10.804123
1.306107 12.974710
1.196025 10.401997
1.221271 10.479685
1.264537 10.829255
1.329051 11.311936
1.273276 9.895842
1.137461 11.007504
1.288335 12.296724
1.174850 11.650412
1.196697 9.541526
1.255553 12.265597
1.249888 10.590545
1.342705 10.510718
1.196022 10.334896
1.230946 9.865680
1.217871 10.876011
1.136531 9.958368
1.252627 10.740259
1.221310 11.142562
1.233104 10.180420
1.208787 9.170673
1.191784 9.409361
1.191256 10.757604
1.191294 10.097533
1.256866 12.795813
1.171798 9.445981
1.264169 10.568348
1.306921 10.804209
1.233240 10.452804
1.193565 9.695266
1.192552 10.276270
1.220118 11.173905
1.139489 10.562888
1.360260 12.774495
1.231314 10.932709
1.245639 10.481121
1.262171 9.327149
1.258143 10.978722
1.212833 11.856959
1.291487 10.731922
1.194392 10.269307
1.318064 9.977910
1.204800 11.810351
1.273005 10.227041
1.233706 10.905836
1.257677 10.581420
1.355024 10.291386
1.172006 9.512423
1.361811 12.784843
1.081742 12.152520
1.071225 11.082298
1.088765 10.326615
1.136268 10.095145
1.204677 8.433148
1.183979 9.962969
1.277685 10.469530
1.230326 10.501832
1.227890 10.402487
1.277306 10.911350
1.215544 9.034731
1.129911 10.341311
1.180330 10.724769
1.268338 12.327544
1.243161 10.323698
1.197743 12.730849
1.231114 11.777364
1.243755 11.368872
1.352170 12.129826
1.203064 10.788225
1.330194 12.103051
1.298148 11.265257
1.323744 11.088984
1.309770 12.848635
1.236723 10.918155
1.226321 9.485459
1.297090 10.965073
1.159560 10.756292
1.177809 11.110190
1.232806 10.680628
1.278573 9.848296
1.341860 13.510764
1.222214 9.586305
1.249323 10.488845
1.146122 10.915426
1.223260 10.666815
1.261654 10.014315
1.145772 10.804729
1.173309 10.600217
1.163377 11.025030
1.198763 10.280683
1.316936 11.606976
1.359049 13.416172
1.260073 12.650216
1.345663 12.736193
1.134944 7.759424
1.158145 9.226600
1.131943 9.998325
1.184604 8.687507
1.199696 10.616717
1.302914 10.561386
1.261727 12.050071
1.344825 12.787669
1.237559 13.779998
1.186942 10.164068
1.214922 10.534183
1.208362 10.694948
1.247308 10.042421
1.248290 13.098667
1.212807 10.387912
1.226772 12.181407
1.327435 13.222473
1.321538 10.370305
1.246810 10.256049
1.216169 10.291813
1.234135 10.337539
1.211726 10.403091
1.229768 11.377779
1.307906 12.823195
1.302856 11.492293
1.224704 12.824201
1.239749 9.417959
1.120052 11.747965
1.167284 10.696745
1.191041 10.318443
1.269393 10.518121
1.159702 9.979608
1.202006 9.924671
1.354835 11.977850
1.269978 12.747454
1.240502 9.477532
1.190579 9.805824
1.275290 11.851469
1.149207 12.433150
1.314007 11.994777
1.232184 11.031002
1.280458 12.673771
1.353463 10.160757
1.346047 10.000389
1.334359 10.948776
1.228678 12.519743
1.303907 12.577816
1.217436 10.181012
1.228008 11.730390
1.167629 10.186478
1.219815 11.823613
1.223807 10.689895
1.189683 10.855271
1.186603 10.770566
1.220577 10.114002
1.292159 10.752365
1.252634 9.746207
1.201531 10.649194
1.207706 12.436910
1.172151 9.607543
1.306283 12.011204
1.266613 9.875094
1.274316 11.316565
1.178481 9.752730
1.181585 13.216217
1.349145 11.713013
1.162091 10.039152
1.238493 11.064437
1.338722 12.753838
1.314254 10.116293
1.263584 10.658598
1.233642 10.887085
1.255631 10.605512
1.158365 10.748221
1.144840 10.137960
1.240486 10.329024
1.334454 10.949297
1.307031 11.113377
1.116378 9.915615
1.281843 12.348422
1.099294 10.249283
1.130676 11.622533
1.237630 12.871695
1.239879 12.984225
1.196796 10.300457
1.166990 10.714824
1.287774 10.035719
1.313102 11.612290
1.245287 10.380656
1.212884 8.666977
1.212345 10.191259
1.157898 10.436646
1.202266 10.612752
1.149460 12.035070
1.242315 10.530033
1.240675 11.357268
1.235521 10.649180
1.188791 10.810888
1.211427 11.419618
1.170322 10.730481
1.206126 10.751073
1.196629 13.307917
1.191128 12.245262
1.338858 10.857790
1.141417 11.602728
1.317693 12.044980
1.333852 14.158462
1.348937 9.582609
1.205905 9.585497
1.207892 9.141305
1.202752 9.796580
1.238268 12.464126
1.226922 9.448563
1.293748 10.469102
1.181999 10.272111
1.200997 10.759493
1.126391 12.295994
1.219213 10.613862
1.293493 11.146239
1.343318 10.818891
1.329076 10.620937
1.175783 10.817979
1.263311 9.270319
1.191108 10.582541
1.123685 8.131965
1.250303 10.096582
1.253835 10.203825
1.246888 11.306535
1.270317 10.546325
1.293295 9.564490
1.349826 11.572280
1.259766 10.528609
1.341473 9.558316
1.294585 11.433795
1.224857 12.178798
1.273974 9.719871
1.302424 9.634985
1.240942 10.967184
1.317617 13.048235
1.159136 12.421812
1.173168 10.025554
1.166030 10.869051
1.245695 12.829136
1.194319 12.318042
1.321931 13.215220
1.188981 8.728436
1.325539 11.540011
1.279049 10.886385
1.242785 10.366937
1.189119 10.869351
1.192294 10.143321
1.343061 9.286618
1.161019 9.877795
1.230778 11.201244
1.340488 11.113025
1.289884 10.593752
1.161162 10.597679
1.289670 10.153402
1.178365 10.652432
1.243427 10.936018
1.268685 10.751028
1.304777 12.197227
1.302218 11.860270
1.256068 10.749762
1.240276 11.092766
1.311119 9.371434
1.260540 12.643270
1.207205 10.405666
1.303873 10.092738
1.208990 9.992145
1.142638 10.224617
1.266975 10.076225
1.164151 11.057315
1.147376 11.214564
1.209829 12.553379
1.345219 9.993008
1.317977 10.882146
1.215508 10.265237
1.339341 9.767193
1.200264 10.636104
1.135102 10.515892
1.167426 10.704412
1.114351 10.317737
1.137903 10.033267
1.138948 9.875124
1.141978 9.767058
1.203826 9.437486
1.305621 13.088070
1.240180 10.118054
1.336657 10.691624
1.213422 10.081282
1.347437 9.927726
1.361318 9.716032
1.274826 11.042365
1.165094 10.386675
1.298597 10.656113
1.356465 9.368484
1.349771 11.511076
1.182409 11.189057
1.277408 10.786057
1.132172 12.604212
1.293224 9.908733
1.277472 11.901037
1.341977 10.923854
1.325002 10.883768
1.146461 9.547111
1.339416 10.324717
1.299252 10.352326
1.328876 10.456274
1.327911 11.332668
1.288837 10.390488
1.307237 11.563120
1.261763 11.308910
1.178511 8.836574
1.248950 10.088168
1.340141 11.294568
1.227386 13.109673
1.320226 11.477009
1.250469 10.004097
1.216337 12.849559
1.263700 10.984994
1.356376 11.844029
1.224316 10.789770
1.245709 11.443668
1.308592 12.363210
1.272012 8.407640
1.254758 9.649354
1.342579 11.948466
1.259690 10.499432
1.270819 10.184792
1.251822 10.910042
1.331983 12.729797
1.297176 10.344937
1.247043 13.105092
1.273203 9.647669
1.146038 9.267916
1.305082 12.961261
1.185243 9.062864
1.223055 9.609199
1.243912 10.347470
1.239400 10.251812
1.333654 10.915372
1.300569 9.452916
1.165426 12.631208
1.221706 12.596103
1.225566 10.708172
1.245962 9.591091
1.242098 11.938595
1.358942 11.674098
1.292594 12.451185
1.319802 13.373889
1.269476 12.711921
1.349687 10.619354
1.316942 11.472738
1.286773 12.921818
1.094887 9.712715
1.252256 10.986021
1.200462 8.474465
1.253412 9.435503
1.226166 10.980933
1.244559 10.126327
1.225668 10.527728
1.212281 10.324011
1.249424 10.413634
1.145952 9.704795
1.191353 10.604607
1.139829 10.122869
1.294575 12.489447
1.175532 10.312579
1.231468 10.667140
1.202460 10.274707
1.282760 12.515607
1.170374 12.538886
1.189822 10.710806
1.325169 10.080225
1.333891 11.163464
1.305745 11.550535
1.296358 11.833189
1.184347 10.252204
1.243268 11.555693
1.341957 10.191251
1.356750 10.573744
1.349054 12.736871
1.263033 12.705845
1.247369 10.701156
1.174462 11.886989
1.285758 9.993672
1.221992 11.728375
1.249689 10.349408
1.278756 11.895365
1.328274 10.683454
1.177114 11.233159
1.187437 10.631363
1.177015 8.920857
1.329179 12.339333
1.212381 9.315943
1.208177 10.607089
1.121356 10.212628
1.146924 8.491879
1.324313 10.717134
1.081033 10.913678
1.149129 9.444677
1.242258 10.676917
1.170323 8.853089
1.242809 9.710451
1.282850 12.407328
1.257717 11.466796
1.264253 12.431695
1.236447 11.289649
1.348365 12.518450
1.288999 11.366939
1.105865 9.707560
1.199433 9.861270
1.126065 10.753992
1.186098 10.439582
1.290368 11.237128
1.335347 9.885764
1.116163 10.096586
1.091514 10.743475
1.259494 10.861576
1.107662 9.387778
1.179935 10.894391
1.247384 10.200855
1.149970 9.349229
1.169989 10.188617
1.192404 12.589788
1.200087 10.076117
1.188754 10.180961
1.175661 10.533031
1.356535 11.739465
1.340012 10.722895
1.289565 10.786136
1.307764 12.386218
1.269719 12.136464
1.174395 10.553770
1.271896 11.799092
1.348078 12.367795
1.170083 9.858110
1.171569 9.560257
1.191168 10.238685
1.178395 6.910938
1.121083 8.996574
1.235201 11.269681
1.186110 9.954639
1.277513 12.246021
1.301577 10.258133
1.315479 9.124243
1.326147 10.197978
1.314941 10.704344
1.257076 10.501921
1.155120 10.015134
1.350939 12.555698
1.329197 11.388260
1.155243 9.844926
1.225817 11.351817
1.267251 10.625695
1.257196 10.492233
1.109815 10.840924
1.238131 10.094670
1.312990 11.826289
1.218039 11.759152
1.236979 10.449725
1.169317 9.610450
1.270657 10.784465
1.204945 10.215251
1.264194 13.434856
1.271536 9.675661
1.307965 11.775029
1.338025 12.102098
1.288645 12.218833
1.307323 12.425548
1.192476 10.498575
1.304300 12.130137
1.239230 11.965160
1.137321 10.860052
1.126840 10.330867
1.115165 10.159140
1.319583 10.462758
1.222747 9.424502
1.260641 10.455660
1.253597 10.681111
1.269045 10.358236
1.266509 10.384502
1.344353 11.335916
1.212699 11.156372
1.175035 9.753398
1.237371 10.261039
1.196104 11.410895
1.242427 11.982423
1.199317 10.736538
1.189849 9.067993
1.213837 9.175185
1.222863 8.223042
1.348295 10.104114
1.341875 9.781798
1.294860 12.154556
1.201511 10.664327
1.249061 11.094016
1.133312 13.304366
1.197184 10.514106
1.231047 13.383822
1.255484 11.109262
1.204045 11.917908
1.184833 11.324281
1.098761 8.934831
1.259633 12.566542
1.289301 10.388509
1.235790 8.515207
1.223003 10.451765
1.279426 10.509087
1.159083 9.073621
1.218159 11.517630
1.266667 11.063607
1.315542 11.315444
1.203684 10.509229
1.158640 10.459966
1.143665 11.113264
1.179466 12.159680
1.097053 11.626229
1.286506 11.391587
1.196847 9.165680
1.308375 10.240580
1.295834 12.819314
1.222949 9.547970
1.341021 13.360466
1.229867 10.635990
1.185444 10.160479
1.119530 11.178709
1.142594 10.743223
1.278414 10.269942
1.263135 10.670015
1.305619 10.305395
1.302486 10.786654
1.163483 12.010931
1.236918 10.241686
1.207381 9.027112
1.269405 10.872133
1.330068 10.778744
1.273804 11.022405
1.341350 9.883456
1.217995 10.089095
1.321224 11.887976
1.254749 11.622033
1.264245 12.284464
1.240806 10.688788
1.301012 11.571024
1.284184 11.182839
1.318703 12.041828
1.172188 9.941091
1.199282 11.804502
1.213623 8.458933
1.192972 11.887484
1.142098 10.615671
1.151182 12.150731
1.188491 11.565087
1.218391 10.542883
1.208909 10.076197
1.346430 10.259010
1.115360 9.786649
1.138872 10.770547
1.172176 10.383077
1.243535 10.004285
1.234552 10.956887
1.265585 10.439308
1.322812 12.069187
1.308446 10.860367
1.101469 10.465620
1.168990 11.091665
1.156028 13.347441
1.163832 10.977903
1.217750 8.679578
1.304533 10.500565
1.172912 10.247374
1.252552 11.685900
1.261341 11.024137
1.299790 10.763074
1.270505 10.899181
1.181271 11.568556
1.163882 10.861538
1.192113 12.740201
1.251687 10.180507
1.260434 10.685478
1.264610 10.792118
1.211294 11.326868
1.119070 10.600254
1.199958 9.746758
1.323498 12.472869
1.232821 11.842555
1.254019 10.132654
1.229434 10.416410
1.152473 9.948201
1.295358 10.364448
1.111200 9.560509
1.173556 10.086204
1.326872 11.585344
1.248160 12.361673
1.272738 10.249995
1.332719 11.784464
1.339785 12.583748
1.231828 10.030567
1.083326 10.921169
1.231078 12.215215
1.347736 11.551980
1.359941 11.899765
1.325427 10.628543
1.321629 10.082554
1.239944 11.044795
1.256749 10.566238
1.213418 10.795673
1.241598 11.894568
1.300057 12.817690
1.222046 11.588074
1.138264 9.580826
1.186166 9.696571
1.303290 12.207317
1.176431 10.612373
1.135544 9.423364
1.262390 11.966634
1.331157 11.326059
1.315509 11.095956
1.279853 10.156895
1.215229 10.307708
1.166675 11.309199
1.160755 11.511135
1.270317 10.789329
1.212753 10.330346
1.247870 11.378909
1.238735 10.469016
1.257930 11.474099
1.245819 10.984082
1.319053 11.082075
1.276239 11.022709
1.142642 10.025589
1.209249 12.406831
1.218140 10.340474
1.205992 10.278397
1.200723 9.762556
1.144554 9.787287
1.222462 10.581382
1.121183 10.427999
1.198314 10.103688
1.338252 12.843009
1.168180 12.434556
1.161876 9.984386
1.084206 10.102736
1.340017 12.272387
1.260071 10.466275
1.299258 11.088646
1.297780 10.796010
1.361792 11.875902
1.304147 11.246767
1.259305 10.670491
1.172958 9.630606
1.182876 9.253954
1.184592 9.782598
1.231380 10.717448
1.169147 10.206736
1.079103 8.530761
1.234866 10.407708
1.231317 10.954866
1.232800 11.914746
1.337312 10.346360
1.126024 10.891664
1.215223 12.970036
1.351151 10.509597
1.291978 12.691673
1.123960 9.551305
1.240137 10.176942
1.212904 9.963650
1.204649 10.810771
1.319428 11.970155
1.283420 12.977059
1.271971 12.591944
1.238954 8.615572
1.268008 12.713472
1.358102 11.304262
1.328546 11.798460
1.305307 9.935081
1.323472 10.316747
1.179501 11.124699
1.264983 11.952801
1.289150 12.924044
1.338738 10.747707
1.241819 10.368471
1.083908 8.894775
1.142927 9.907674
1.155036 9.948785
1.273096 12.206896
1.162845 12.197007
1.157514 10.699727
1.128237 10.727139
1.242722 10.966665
1.107510 9.013579
1.115277 9.929345
1.161978 8.236231
1.248464 10.622470
1.344696 12.584879
1.175861 9.704498
1.131782 10.583214
1.297181 9.728436
1.199532 10.260967
1.249159 11.430720
1.186417 8.128868
1.212482 11.017742
1.107619 9.248272
1.077552 9.890755
1.304336 11.633198
1.308749 11.235274
1.267810 10.337988
1.209387 9.835784
1.174420 9.336735
1.344598 11.235630
1.116856 10.171091
1.319462 13.821898
1.213642 11.566227
1.276499 12.734726
1.142264 10.081744
1.108169 9.760552
1.146266 8.489521
1.092886 9.419891
1.263010 10.028268
1.113781 10.253004
1.129736 10.101649
1.219285 12.859534
1.303986 10.136173
1.193260 12.434929
1.159560 9.361721
1.203612 11.933421
1.192795 9.895201
1.238207 10.603218
1.219755 13.490635
1.189527 10.963220
1.327179 10.640282
1.157202 9.537571
1.165915 10.455529
1.175750 9.565930
1.275059 10.803433
1.265246 11.283985
1.329137 10.940392
1.309893 12.533472
1.213471 8.909983
1.191174 9.832031
1.184894 12.115849
1.209955 10.660915
1.229331 10.919319
1.248577 9.681065
1.300871 10.057788
1.163022 10.418793
1.150489 8.388708
1.209181 10.484950
1.188451 11.962320
1.198756 10.509094
1.232504 9.901073
1.163587 9.314710
1.192543 9.328835
1.258401 10.844589
1.329454 12.682454
